-0.5	0.001	0.0	0.1625
-0.43	0.0194	15.707963267948966	0.7386
-0.37	0.0652	31.41592653589793	0.0365
-0.3	0.1195	47.12388980384689	0.011
-0.23	0.1245	62.83185307179586	0.0047
-0.17	0.109	78.53981633974482	0.0041
-0.1	0.0475	94.24777960769379	0.0018
-0.03	0.0074	109.95574287564276	0.0025
0.03	0.0072	125.66370614359172	0.0019
0.1	0.0467	141.3716694115407	0.0014
0.17	0.1179	157.07963267948963	0.0013
0.23	0.1231	172.7875959474386	0.0022
0.3	0.123	188.49555921538757	0.0031
0.37	0.0658	204.20352248333657	0.0041
0.43	0.0213	219.9114857512855	0.0066
0.5	0.0015	235.61944901923445	0.0177
