-0.5	0.0053	0.0	0.1784
-0.43	0.0201	78.53981633974483	0.7222
-0.37	0.0728	157.07963267948966	0.0348
-0.3	0.1128	235.61944901923448	0.0093
-0.23	0.1377	314.1592653589793	0.0062
-0.17	0.1154	392.6990816987241	0.0028
-0.1	0.0385	471.23889803846896	0.0027
-0.03	0.0032	549.7787143782137	0.002
0.03	0.002	628.3185307179587	0.0019
0.1	0.0363	706.8583470577034	0.0026
0.17	0.1158	785.3981633974482	0.0016
0.23	0.1313	863.937979737193	0.0028
0.3	0.108	942.4777960769379	0.002
0.37	0.0687	1021.0176124166828	0.0044
0.43	0.0254	1099.5574287564275	0.007
0.5	0.0067	1178.0972450961724	0.0193
