-0.5	0.0012	0.0	0.0061
-0.48	0.0097	3.9269908169872414	0.0213
-0.47	0.0024	7.853981633974483	0.0504
-0.45	0.0098	11.780972450961723	0.1992
-0.44	0.0074	15.707963267948966	0.0401
-0.42	0.0013	19.634954084936204	0.3797
-0.4	0.0054	23.561944901923447	0.1348
-0.39	0.02	27.48893571891069	0.0596
-0.37	0.018	31.41592653589793	0.0822
-0.36	0.0127	35.34291735288517	0.0056
-0.34	0.0095	39.26990816987241	0.0024
-0.33	0.0115	43.19689898685965	0.0013
-0.31	0.0244	47.12388980384689	0.0013
-0.29	0.0232	51.05088062083414	0.0008
-0.28	0.0431	54.97787143782138	0.0006
-0.26	0.0269	58.90486225480861	0.0007
-0.25	0.0348	62.83185307179586	0.0007
-0.23	0.0306	66.7588438887831	0.0005
-0.21	0.0284	70.68583470577035	0.0002
-0.2	0.026	74.61282552275757	0.0001
-0.18	0.0323	78.53981633974482	0.0001
-0.17	0.0287	82.46680715673207	0.0003
-0.15	0.0206	86.3937979737193	0.0001
-0.13	0.007	90.32078879070654	0.0003
-0.12	0.0063	94.24777960769379	0.0004
-0.1	0.0119	98.17477042468103	0.0001
-0.09	0.0165	102.10176124166829	0.0001
-0.07	0.0177	106.02875205865551	0.0001
-0.06	0.0046	109.95574287564276	0.0
-0.04	0.0005	113.88273369263	0.0001
-0.02	0.0086	117.80972450961723	0.0001
-0.01	0.0012	121.73671532660447	0.0001
0.01	0.0008	125.66370614359172	0.0
0.02	0.0096	129.59069696057895	0.0
0.04	0.0004	133.5176877775662	0.0002
0.06	0.0054	137.44467859455344	0.0001
0.07	0.0157	141.3716694115407	0.0002
0.09	0.0163	145.29866022852792	0.0002
0.1	0.0103	149.22565104551515	0.0003
0.12	0.0058	153.1526418625024	0.0001
0.13	0.0075	157.07963267948963	0.0
0.15	0.0217	161.00662349647686	0.0002
0.17	0.0272	164.93361431346415	0.0001
0.18	0.0335	168.86060513045138	0.0003
0.2	0.0259	172.7875959474386	0.0001
0.21	0.0267	176.71458676442586	0.0001
0.23	0.025	180.6415775814131	0.0001
0.25	0.032	184.56856839840034	0.0002
0.26	0.0247	188.49555921538757	0.0003
0.28	0.0447	192.4225500323748	0.0001
0.29	0.0259	196.34954084936206	0.0
0.31	0.0263	200.27653166634929	0.0001
0.33	0.0133	204.20352248333657	0.0003
0.34	0.0104	208.1305133003238	0.0006
0.36	0.0144	212.05750411731103	0.0001
0.37	0.0209	215.98449493429828	0.0001
0.39	0.0208	219.9114857512855	0.0002
0.4	0.0067	223.83847656827274	0.0004
0.42	0.0021	227.76546738526	0.0003
0.44	0.0043	231.69245820224722	0.0007
0.45	0.008	235.61944901923445	0.0005
0.47	0.0024	239.5464398362217	0.0011
0.48	0.0077	243.47343065320894	0.0013
0.5	0.0014	247.40042147019622	0.0023
