-0.5	0.0005	0.0	0.1722
-0.43	0.0243	392.6990816987241	0.7267
-0.37	0.0673	785.3981633974482	0.0343
-0.3	0.1069	1178.0972450961724	0.0113
-0.23	0.1315	1570.7963267948965	0.0045
-0.17	0.1138	1963.4954084936207	0.0037
-0.1	0.0486	2356.194490192345	0.002
-0.03	0.0066	2748.893571891069	0.0022
0.03	0.0062	3141.592653589793	0.0021
0.1	0.0501	3534.291735288517	0.002
0.17	0.1031	3926.9908169872415	0.0016
0.23	0.136	4319.689898685965	0.0023
0.3	0.1085	4712.38898038469	0.0036
0.37	0.0683	5105.088062083414	0.0047
0.43	0.0278	5497.787143782138	0.008
0.5	0.0005	5890.486225480861	0.0188
