-0.5	0.0002	0.0	0.0045
-0.48	0.0008	98.17477042468103	0.0175
-0.47	0.0029	196.34954084936206	0.0429
-0.45	0.0034	294.5243112740431	0.2333
-0.44	0.0075	392.6990816987241	0.0377
-0.42	0.0065	490.8738521234052	0.3455
-0.4	0.0112	589.0486225480862	0.1535
-0.39	0.0123	687.2233929727672	0.0651
-0.37	0.014	785.3981633974482	0.0699
-0.36	0.0167	883.5729338221292	0.005
-0.34	0.0199	981.7477042468104	0.0027
-0.33	0.0248	1079.9224746714913	0.0018
-0.31	0.0257	1178.0972450961724	0.0013
-0.29	0.028	1276.2720155208535	0.0009
-0.28	0.0372	1374.4467859455344	0.0008
-0.26	0.0302	1472.6215563702153	0.0012
-0.25	0.0333	1570.7963267948965	0.0004
-0.23	0.0379	1668.9710972195776	0.0002
-0.21	0.0311	1767.1458676442585	0.0001
-0.2	0.0317	1865.3206380689396	0.0006
-0.18	0.0313	1963.4954084936207	0.0008
-0.17	0.0226	2061.6701789183016	0.0005
-0.15	0.016	2159.8449493429825	0.0001
-0.13	0.0152	2258.0197197676634	0.0001
-0.12	0.0109	2356.194490192345	0.0001
-0.1	0.0066	2454.369260617026	0.0001
-0.09	0.0061	2552.544031041707	0.0004
-0.07	0.0068	2650.718801466388	0.0
-0.06	0.0039	2748.893571891069	0.0001
-0.04	0.0011	2847.06834231575	0.0001
-0.02	0.0	2945.2431127404307	0.0001
-0.01	0.0	3043.417883165112	0.0001
0.01	0.0001	3141.592653589793	0.0
0.02	0.0	3239.7674240144743	0.0002
0.04	0.001	3337.942194439155	0.0001
0.06	0.0045	3436.116964863836	0.0
0.07	0.0058	3534.291735288517	0.0
0.09	0.0067	3632.4665057131983	0.0001
0.1	0.0067	3730.6412761378792	0.0002
0.12	0.0103	3828.81604656256	0.0002
0.13	0.0114	3926.9908169872415	0.0
0.15	0.0161	4025.165587411922	0.0002
0.17	0.0221	4123.340357836603	0.0
0.18	0.031	4221.515128261284	0.0001
0.2	0.034	4319.689898685965	0.0
0.21	0.0327	4417.864669110647	0.0002
0.23	0.0371	4516.039439535327	0.0006
0.25	0.0345	4614.214209960009	0.0001
0.26	0.0341	4712.38898038469	0.0001
0.28	0.0362	4810.5637508093705	0.0001
0.29	0.0321	4908.738521234052	0.0
0.31	0.0258	5006.913291658732	0.0004
0.33	0.0267	5105.088062083414	0.0002
0.34	0.0195	5203.262832508095	0.0003
0.36	0.0185	5301.437602932776	0.0005
0.37	0.0135	5399.612373357457	0.0004
0.39	0.0136	5497.787143782138	0.0005
0.4	0.0099	5595.961914206819	0.0008
0.42	0.0067	5694.1366846315	0.0003
0.44	0.0066	5792.31145505618	0.0009
0.45	0.0039	5890.486225480861	0.0011
0.47	0.0019	5988.660995905543	0.0012
0.48	0.0009	6086.835766330224	0.0014
0.5	0.0003	6185.010536754906	0.0024
