-0.5	0.0009	0.0	0.0286
-0.47	0.006	196.34954084936206	0.2226
-0.44	0.0177	392.6990816987241	0.4329
-0.4	0.0192	589.0486225480862	0.2214
-0.37	0.0366	785.3981633974482	0.031
-0.34	0.0499	981.7477042468104	0.011
-0.31	0.0474	1178.0972450961724	0.0058
-0.27	0.0549	1374.4467859455344	0.0026
-0.24	0.0718	1570.7963267948965	0.0017
-0.21	0.067	1767.1458676442585	0.0014
-0.18	0.0541	1963.4954084936207	0.002
-0.15	0.0416	2159.8449493429825	0.0011
-0.11	0.0261	2356.194490192345	0.0011
-0.08	0.0095	2552.544031041707	0.0003
-0.05	0.0034	2748.893571891069	0.0007
-0.02	0.0006	2945.2431127404307	0.0014
0.02	0.0007	3141.592653589793	0.0012
0.05	0.0033	3337.942194439155	0.0007
0.08	0.0138	3534.291735288517	0.0012
0.11	0.0262	3730.6412761378792	0.0006
0.15	0.0379	3926.9908169872415	0.0006
0.18	0.0569	4123.340357836603	0.001
0.21	0.0663	4319.689898685965	0.001
0.24	0.0682	4516.039439535327	0.0013
0.27	0.0554	4712.38898038469	0.0013
0.31	0.043	4908.738521234052	0.0012
0.34	0.0474	5105.088062083414	0.001
0.37	0.0363	5301.437602932776	0.0019
0.4	0.0185	5497.787143782138	0.0016
0.44	0.0136	5694.1366846315	0.0042
0.47	0.0051	5890.486225480861	0.0051
0.5	0.0007	6086.835766330224	0.0105
