-0.5	0.0014	0.0	0.0045
-0.48	0.0015	19.634954084936208	0.0175
-0.47	0.0016	39.269908169872416	0.0425
-0.45	0.0038	58.90486225480862	0.234
-0.44	0.005	78.53981633974483	0.0383
-0.42	0.0052	98.17477042468103	0.3467
-0.4	0.0067	117.80972450961724	0.1532
-0.39	0.011	137.44467859455344	0.0695
-0.37	0.0175	157.07963267948966	0.0643
-0.36	0.0201	176.71458676442586	0.0065
-0.34	0.0247	196.34954084936206	0.0028
-0.33	0.0198	215.98449493429825	0.0019
-0.31	0.0297	235.61944901923448	0.0015
-0.29	0.0291	255.2544031041707	0.001
-0.28	0.0302	274.8893571891069	0.0009
-0.26	0.0353	294.5243112740431	0.0006
-0.25	0.0252	314.1592653589793	0.0008
-0.23	0.03	333.79421944391555	0.0005
-0.21	0.034	353.4291735288517	0.0005
-0.2	0.0299	373.0641276137879	0.0004
-0.18	0.0296	392.6990816987241	0.0003
-0.17	0.0256	412.33403578366034	0.0005
-0.15	0.026	431.9689898685965	0.0001
-0.13	0.0158	451.60394395353273	0.0002
-0.12	0.0149	471.23889803846896	0.0002
-0.1	0.0094	490.8738521234052	0.0001
-0.09	0.0065	510.5088062083414	0.0001
-0.07	0.0041	530.1437602932775	0.0001
-0.06	0.0016	549.7787143782137	0.0001
-0.04	0.0007	569.41366846315	0.0
-0.02	0.0005	589.0486225480862	0.0001
-0.01	0.0008	608.6835766330224	0.0
0.01	0.0011	628.3185307179587	0.0001
0.02	0.0009	647.9534848028949	0.0002
0.04	0.0005	667.5884388878311	0.0
0.06	0.0014	687.2233929727672	0.0002
0.07	0.0036	706.8583470577034	0.0005
0.09	0.0073	726.4933011426397	0.0001
0.1	0.0073	746.1282552275758	0.0003
0.12	0.0148	765.763209312512	0.0003
0.13	0.0154	785.3981633974482	0.0
0.15	0.0238	805.0331174823845	0.0001
0.17	0.0249	824.6680715673207	0.0
0.18	0.0326	844.3030256522569	0.0001
0.2	0.0305	863.937979737193	0.0
0.21	0.0319	883.5729338221294	0.0001
0.23	0.0311	903.2078879070655	0.0
0.25	0.0302	922.8428419920018	0.0
0.26	0.035	942.4777960769379	0.0
0.28	0.0314	962.112750161874	0.0004
0.29	0.025	981.7477042468104	0.0002
0.31	0.0289	1001.3826583317465	0.0003
0.33	0.0218	1021.0176124166828	0.0004
0.34	0.0263	1040.652566501619	0.0003
0.36	0.0188	1060.287520586555	0.0
0.37	0.0176	1079.9224746714915	0.0002
0.39	0.0124	1099.5574287564275	0.0002
0.4	0.0099	1119.1923828413637	0.0004
0.42	0.0054	1138.8273369263	0.0003
0.44	0.0043	1158.4622910112362	0.0008
0.45	0.0036	1178.0972450961724	0.0004
0.47	0.002	1197.7321991811086	0.0007
0.48	0.0016	1217.3671532660449	0.0013
0.5	0.0015	1237.002107350981	0.0024
