-0.5	0.0035	0.0	0.0062
-0.48	0.0112	1.9634954084936207	0.0263
-0.47	0.011	3.9269908169872414	0.0575
-0.45	0.0147	5.890486225480862	0.1665
-0.44	0.0027	7.853981633974483	0.0385
-0.42	0.0017	9.817477042468102	0.4106
-0.4	0.0023	11.780972450961723	0.1153
-0.39	0.032	13.744467859455344	0.0507
-0.37	0.0363	15.707963267948966	0.1003
-0.36	0.0069	17.671458676442587	0.0044
-0.34	0.0005	19.634954084936204	0.0035
-0.33	0.0037	21.598449493429825	0.0012
-0.31	0.0313	23.561944901923447	0.0014
-0.29	0.036	25.52544031041707	0.0009
-0.28	0.0371	27.48893571891069	0.0014
-0.26	0.0217	29.452431127404306	0.0004
-0.25	0.0227	31.41592653589793	0.0003
-0.23	0.0183	33.37942194439155	0.0001
-0.21	0.0079	35.34291735288517	0.0002
-0.2	0.013	37.30641276137879	0.0
-0.18	0.0511	39.26990816987241	0.0003
-0.17	0.0548	41.23340357836604	0.0002
-0.15	0.0167	43.19689898685965	0.0003
-0.13	0.0007	45.16039439535327	0.0003
-0.12	0.0016	47.12388980384689	0.0003
-0.1	0.0087	49.087385212340514	0.0001
-0.09	0.0277	51.05088062083414	0.0002
-0.07	0.0148	53.01437602932776	0.0002
-0.06	0.0049	54.97787143782138	0.0001
-0.04	0.0017	56.941366846315	0.0003
-0.02	0.0076	58.90486225480861	0.0
-0.01	0.0031	60.868357663302234	0.0
0.01	0.0039	62.83185307179586	0.0
0.02	0.0092	64.79534848028948	0.0004
0.04	0.0012	66.7588438887831	0.0001
0.06	0.0049	68.72233929727672	0.0001
0.07	0.0156	70.68583470577035	0.0002
0.09	0.0256	72.64933011426396	0.0001
0.1	0.0109	74.61282552275757	0.0001
0.12	0.0015	76.5763209312512	0.0
0.13	0.0009	78.53981633974482	0.0
0.15	0.0137	80.50331174823843	0.0
0.17	0.0503	82.46680715673207	0.0002
0.18	0.0475	84.43030256522569	0.0003
0.2	0.014	86.3937979737193	0.0001
0.21	0.0082	88.35729338221293	0.0002
0.23	0.018	90.32078879070654	0.0002
0.25	0.0204	92.28428419920017	0.0002
0.26	0.0217	94.24777960769379	0.0001
0.28	0.0324	96.2112750161874	0.0003
0.29	0.0329	98.17477042468103	0.0001
0.31	0.0342	100.13826583317464	0.0004
0.33	0.0038	102.10176124166829	0.0003
0.34	0.0003	104.0652566501619	0.0002
0.36	0.0089	106.02875205865551	0.0004
0.37	0.0348	107.99224746714914	0.0003
0.39	0.0285	109.95574287564276	0.0002
0.4	0.0036	111.91923828413637	0.0008
0.42	0.0023	113.88273369263	0.0003
0.44	0.0028	115.84622910112361	0.0005
0.45	0.0149	117.80972450961723	0.0011
0.47	0.0095	119.77321991811085	0.0014
0.48	0.0107	121.73671532660447	0.002
0.5	0.005	123.70021073509811	0.0014
