-0.5	0.0016	0.0	0.0285
-0.47	0.006	3.9269908169872414	0.2195
-0.44	0.0107	7.853981633974483	0.4193
-0.4	0.0195	11.780972450961723	0.2339
-0.37	0.0433	15.707963267948966	0.0293
-0.34	0.0489	19.634954084936204	0.0094
-0.31	0.0424	23.561944901923447	0.0063
-0.27	0.0468	27.48893571891069	0.0039
-0.24	0.0653	31.41592653589793	0.0032
-0.21	0.0715	35.34291735288517	0.0018
-0.18	0.048	39.26990816987241	0.0015
-0.15	0.0338	43.19689898685965	0.0011
-0.11	0.0366	47.12388980384689	0.0013
-0.08	0.0225	51.05088062083414	0.0013
-0.05	0.0057	54.97787143782138	0.0009
-0.02	0.0004	58.90486225480861	0.0012
0.02	0.001	62.83185307179586	0.0007
0.05	0.0042	66.7588438887831	0.0006
0.08	0.0199	70.68583470577035	0.0006
0.11	0.0368	74.61282552275757	0.001
0.15	0.0374	78.53981633974482	0.0009
0.18	0.0523	82.46680715673207	0.0014
0.21	0.0679	86.3937979737193	0.001
0.24	0.0648	90.32078879070654	0.0018
0.27	0.0448	94.24777960769379	0.0013
0.31	0.0395	98.17477042468103	0.0014
0.34	0.0492	102.10176124166829	0.001
0.37	0.0432	106.02875205865551	0.0018
0.4	0.017	109.95574287564276	0.0023
0.44	0.0106	113.88273369263	0.0037
0.47	0.0057	117.80972450961723	0.0067
0.5	0.0027	121.73671532660447	0.0114
