-0.5	0.0022	0.0	0.0278
-0.47	0.0057	39.269908169872416	0.2195
-0.44	0.0079	78.53981633974483	0.435
-0.4	0.0143	117.80972450961724	0.221
-0.37	0.0354	157.07963267948966	0.0305
-0.34	0.0536	196.34954084936206	0.0108
-0.31	0.0544	235.61944901923448	0.0048
-0.27	0.0581	274.8893571891069	0.0037
-0.24	0.0665	314.1592653589793	0.0017
-0.21	0.0695	353.4291735288517	0.0017
-0.18	0.0557	392.6990816987241	0.0016
-0.15	0.0471	431.9689898685965	0.0016
-0.11	0.0241	471.23889803846896	0.0012
-0.08	0.0125	510.5088062083414	0.001
-0.05	0.0027	549.7787143782137	0.0007
-0.02	0.0001	589.0486225480862	0.0017
0.02	0.0001	628.3185307179587	0.0007
0.05	0.0022	667.5884388878311	0.0012
0.08	0.0112	706.8583470577034	0.0006
0.11	0.0234	746.1282552275758	0.0011
0.15	0.0421	785.3981633974482	0.0004
0.18	0.0526	824.6680715673207	0.0011
0.21	0.064	863.937979737193	0.0009
0.24	0.0668	903.2078879070655	0.0009
0.27	0.0619	942.4777960769379	0.0014
0.31	0.047	981.7477042468104	0.0008
0.34	0.05	1021.0176124166828	0.0015
0.37	0.0379	1060.287520586555	0.0015
0.4	0.014	1099.5574287564275	0.0031
0.44	0.0091	1138.8273369263	0.0027
0.47	0.0056	1178.0972450961724	0.0064
0.5	0.0023	1217.3671532660449	0.0114
