-0.5	0.0016	0.0	0.0279
-0.47	0.0057	7.853981633974483	0.2303
-0.44	0.0049	15.707963267948966	0.4267
-0.4	0.0087	23.561944901923447	0.2245
-0.37	0.041	31.41592653589793	0.0306
-0.34	0.0611	39.26990816987241	0.007
-0.31	0.0465	47.12388980384689	0.0053
-0.27	0.0364	54.97787143782138	0.0031
-0.24	0.0845	62.83185307179586	0.0029
-0.21	0.0773	70.68583470577035	0.0021
-0.18	0.037	78.53981633974482	0.0011
-0.15	0.0277	86.3937979737193	0.0014
-0.11	0.0458	94.24777960769379	0.0008
-0.08	0.0244	102.10176124166829	0.0017
-0.05	0.0024	109.95574287564276	0.0006
-0.02	0.0004	117.80972450961723	0.0004
0.02	0.0005	125.66370614359172	0.0007
0.05	0.0026	133.5176877775662	0.0007
0.08	0.0265	141.3716694115407	0.0004
0.11	0.0442	149.22565104551515	0.0006
0.15	0.0255	157.07963267948963	0.0005
0.18	0.0376	164.93361431346415	0.0013
0.21	0.0755	172.7875959474386	0.0006
0.24	0.0804	180.6415775814131	0.001
0.27	0.0382	188.49555921538757	0.001
0.31	0.0451	196.34954084936206	0.0012
0.34	0.061	204.20352248333657	0.001
0.37	0.0379	212.05750411731103	0.0023
0.4	0.0088	219.9114857512855	0.0021
0.44	0.0037	227.76546738526	0.0037
0.47	0.0047	235.61944901923445	0.0053
0.5	0.0024	243.47343065320894	0.0112
