-0.5	0.0039	0.0	0.1743
-0.43	0.0324	7.853981633974483	0.7236
-0.37	0.0695	15.707963267948966	0.0316
-0.3	0.0988	23.561944901923447	0.0118
-0.23	0.1303	31.41592653589793	0.0053
-0.17	0.1058	39.26990816987241	0.0037
-0.1	0.0512	47.12388980384689	0.0033
-0.03	0.0123	54.97787143782138	0.0023
0.03	0.0121	62.83185307179586	0.0016
0.1	0.0513	70.68583470577035	0.0025
0.17	0.1031	78.53981633974482	0.0024
0.23	0.1366	86.3937979737193	0.0022
0.3	0.0926	94.24777960769379	0.0034
0.37	0.0633	102.10176124166829	0.0041
0.43	0.0325	109.95574287564276	0.0088
0.5	0.0043	117.80972450961723	0.0191
