-0.5	0.0453	0.0	0.0584
-0.48	0.051	1.9634954084936207	0.047
-0.47	0.0453	3.9269908169872414	0.1058
-0.45	0.0443	5.890486225480862	0.1946
-0.44	0.0444	7.853981633974483	0.0243
-0.42	0.0424	9.817477042468102	0.1456
-0.4	0.0358	11.780972450961723	0.1146
-0.39	0.0302	13.744467859455344	0.0531
-0.37	0.0267	15.707963267948966	0.1841
-0.36	0.0204	17.671458676442587	0.015
-0.34	0.0183	19.634954084936204	0.0303
-0.33	0.0165	21.598449493429825	0.003
-0.31	0.0128	23.561944901923447	0.0028
-0.29	0.0091	25.52544031041707	0.001
-0.28	0.0066	27.48893571891069	0.0014
-0.26	0.0049	29.452431127404306	0.0006
-0.25	0.002	31.41592653589793	0.0005
-0.23	0.0014	33.37942194439155	0.0002
-0.21	0.0009	35.34291735288517	0.0004
-0.2	0.0006	37.30641276137879	0.0002
-0.18	0.0007	39.26990816987241	0.0002
-0.17	0.0003	41.23340357836604	0.0003
-0.15	0.0007	43.19689898685965	0.0
-0.13	0.0016	45.16039439535327	0.0006
-0.12	0.0022	47.12388980384689	0.0001
-0.1	0.0031	49.087385212340514	0.0
-0.09	0.0045	51.05088062083414	0.0004
-0.07	0.0062	53.01437602932776	0.0004
-0.06	0.0065	54.97787143782138	0.0
-0.04	0.007	56.941366846315	0.0
-0.02	0.0083	58.90486225480861	0.0001
-0.01	0.0068	60.868357663302234	0.0003
0.01	0.0082	62.83185307179586	0.0002
0.02	0.0054	64.79534848028948	0.0002
0.04	0.0066	66.7588438887831	0.0002
0.06	0.0057	68.72233929727672	0.0002
0.07	0.005	70.68583470577035	0.0003
0.09	0.0032	72.64933011426396	0.0
0.1	0.0029	74.61282552275757	0.0
0.12	0.0018	76.5763209312512	0.0002
0.13	0.0013	78.53981633974482	0.0003
0.15	0.0006	80.50331174823843	0.0003
0.17	0.0005	82.46680715673207	0.0001
0.18	0.001	84.43030256522569	0.0
0.2	0.0005	86.3937979737193	0.0001
0.21	0.0008	88.35729338221293	0.0002
0.23	0.0017	90.32078879070654	0.0
0.25	0.003	92.28428419920017	0.0002
0.26	0.0041	94.24777960769379	0.0002
0.28	0.005	96.2112750161874	0.0001
0.29	0.0085	98.17477042468103	0.0003
0.31	0.0138	100.13826583317464	0.0
0.33	0.0151	102.10176124166829	0.0002
0.34	0.0174	104.0652566501619	0.0004
0.36	0.0209	106.02875205865551	0.0003
0.37	0.0286	107.99224746714914	0.0001
0.39	0.0302	109.95574287564276	0.0005
0.4	0.0363	111.91923828413637	0.0004
0.42	0.0385	113.88273369263	0.0002
0.44	0.041	115.84622910112361	0.001
0.45	0.0433	117.80972450961723	0.0013
0.47	0.0469	119.77321991811085	0.0009
0.48	0.0486	121.73671532660447	0.0023
0.5	0.0468	123.70021073509811	0.004
