-0.5	0.0112	0.0	0.0142
-0.48	0.0096	98.17477042468103	0.0244
-0.47	0.0108	196.34954084936206	0.0581
-0.45	0.0092	294.5243112740431	0.2115
-0.44	0.0119	392.6990816987241	0.0383
-0.42	0.0093	490.8738521234052	0.3176
-0.4	0.0099	589.0486225480862	0.1527
-0.39	0.011	687.2233929727672	0.0598
-0.37	0.0124	785.3981633974482	0.0878
-0.36	0.0107	883.5729338221292	0.007
-0.34	0.0114	981.7477042468104	0.0077
-0.33	0.0139	1079.9224746714913	0.0019
-0.31	0.014	1178.0972450961724	0.0012
-0.29	0.0136	1276.2720155208535	0.0008
-0.28	0.0144	1374.4467859455344	0.0011
-0.26	0.0149	1472.6215563702153	0.0006
-0.25	0.0165	1570.7963267948965	0.0004
-0.23	0.0166	1668.9710972195776	0.0003
-0.21	0.019	1767.1458676442585	0.0003
-0.2	0.0181	1865.3206380689396	0.0004
-0.18	0.0209	1963.4954084936207	0.0002
-0.17	0.02	2061.6701789183016	0.0002
-0.15	0.0183	2159.8449493429825	0.0001
-0.13	0.0182	2258.0197197676634	0.0005
-0.12	0.0239	2356.194490192345	0.0002
-0.1	0.0209	2454.369260617026	0.0002
-0.09	0.0207	2552.544031041707	0.0001
-0.07	0.0216	2650.718801466388	0.0002
-0.06	0.0191	2748.893571891069	0.0002
-0.04	0.0214	2847.06834231575	0.0003
-0.02	0.0193	2945.2431127404307	0.0002
-0.01	0.0218	3043.417883165112	0.0001
0.01	0.0193	3141.592653589793	0.0001
0.02	0.0216	3239.7674240144743	0.0
0.04	0.0203	3337.942194439155	0.0
0.06	0.0226	3436.116964863836	0.0
0.07	0.0195	3534.291735288517	0.0005
0.09	0.0198	3632.4665057131983	0.0001
0.1	0.0222	3730.6412761378792	0.0001
0.12	0.022	3828.81604656256	0.0
0.13	0.018	3926.9908169872415	0.0004
0.15	0.0195	4025.165587411922	0.0001
0.17	0.0179	4123.340357836603	0.0001
0.18	0.022	4221.515128261284	0.0001
0.2	0.0178	4319.689898685965	0.0001
0.21	0.0162	4417.864669110647	0.0
0.23	0.0175	4516.039439535327	0.0
0.25	0.0132	4614.214209960009	0.0004
0.26	0.0163	4712.38898038469	0.0002
0.28	0.0125	4810.5637508093705	0.0002
0.29	0.014	4908.738521234052	0.0001
0.31	0.014	5006.913291658732	0.0001
0.33	0.012	5105.088062083414	0.0001
0.34	0.0115	5203.262832508095	0.0005
0.36	0.0112	5301.437602932776	0.0002
0.37	0.0105	5399.612373357457	0.0002
0.39	0.01	5497.787143782138	0.0004
0.4	0.0103	5595.961914206819	0.0005
0.42	0.0098	5694.1366846315	0.001
0.44	0.0112	5792.31145505618	0.0003
0.45	0.0096	5890.486225480861	0.001
0.47	0.0116	5988.660995905543	0.0004
0.48	0.012	6086.835766330224	0.0015
0.5	0.0096	6185.010536754906	0.0027
