-0.5	0.04	0.0	0.0473
-0.48	0.0471	3.272492347489368	0.04
-0.47	0.0582	6.544984694978736	0.1001
-0.45	0.0284	9.817477042468104	0.1844
-0.44	0.0183	13.089969389957473	0.0288
-0.42	0.0273	16.36246173744684	0.1918
-0.4	0.0285	19.634954084936208	0.1272
-0.39	0.018	22.907446432425576	0.0567
-0.37	0.0145	26.179938779914945	0.1603
-0.36	0.0167	29.45243112740431	0.0142
-0.34	0.0131	32.72492347489368	0.0259
-0.33	0.0116	35.99741582238305	0.0034
-0.31	0.0227	39.269908169872416	0.0011
-0.29	0.0312	42.542400517361784	0.0009
-0.28	0.0082	45.81489286485115	0.0014
-0.26	0.0033	49.087385212340514	0.0004
-0.25	0.0125	52.35987755982989	0.0002
-0.23	0.0121	55.63236990731926	0.0004
-0.21	0.0128	58.90486225480862	0.0001
-0.2	0.0166	62.17735460229799	0.0001
-0.18	0.0144	65.44984694978736	0.0004
-0.17	0.0052	68.72233929727673	0.0003
-0.15	0.0012	71.9948316447661	0.0002
-0.13	0.003	75.26732399225546	0.0001
-0.12	0.0091	78.53981633974483	0.0002
-0.1	0.0013	81.81230868723421	0.0004
-0.09	0.0003	85.08480103472357	0.0001
-0.07	0.0003	88.35729338221293	0.0003
-0.06	0.0012	91.6297857297023	0.0002
-0.04	0.002	94.90227807719167	0.0003
-0.02	0.0105	98.17477042468103	0.0
-0.01	0.0021	101.4472627721704	0.0003
0.01	0.0027	104.71975511965978	0.0
0.02	0.0096	107.99224746714914	0.0003
0.04	0.0028	111.26473981463852	0.0001
0.06	0.0012	114.53723216212788	0.0
0.07	0.0005	117.80972450961724	0.0001
0.09	0.0002	121.08221685710662	0.0001
0.1	0.0012	124.35470920459598	0.0001
0.12	0.0098	127.62720155208535	0.0003
0.13	0.0032	130.89969389957471	0.0001
0.15	0.0015	134.17218624706408	0.0002
0.17	0.0068	137.44467859455347	0.0001
0.18	0.0141	140.71717094204283	0.0002
0.2	0.0175	143.9896632895322	0.0002
0.21	0.0147	147.26215563702155	0.0002
0.23	0.0108	150.5346479845109	0.0003
0.25	0.0132	153.8071403320003	0.0
0.26	0.002	157.07963267948966	0.0
0.28	0.0094	160.35212502697902	0.0001
0.29	0.035	163.62461737446841	0.0001
0.31	0.02	166.89710972195778	0.0002
0.33	0.0148	170.16960206944714	0.0001
0.34	0.0108	173.4420944169365	0.0
0.36	0.0153	176.71458676442586	0.0005
0.37	0.0142	179.98707911191525	0.0003
0.39	0.0175	183.2595714594046	0.0003
0.4	0.0257	186.53206380689397	0.0005
0.42	0.0305	189.80455615438333	0.0004
0.44	0.0195	193.0770485018727	0.0006
0.45	0.0281	196.34954084936206	0.001
0.47	0.0606	199.62203319685145	0.0015
0.48	0.0524	202.8945255443408	0.0015
0.5	0.0427	206.1670178918302	0.0031
