-0.5	0.0016	0.0	0.0076
-0.48	0.0037	1.9634954084936207	0.0218
-0.47	0.0022	3.9269908169872414	0.0449
-0.45	0.0026	5.890486225480862	0.2209
-0.44	0.0003	7.853981633974483	0.0384
-0.42	0.0013	9.817477042468102	0.3392
-0.4	0.0041	11.780972450961723	0.1562
-0.39	0.0055	13.744467859455344	0.0673
-0.37	0.0018	15.707963267948966	0.0774
-0.36	0.0014	17.671458676442587	0.0037
-0.34	0.0029	19.634954084936204	0.0028
-0.33	0.0066	21.598449493429825	0.0015
-0.31	0.0067	23.561944901923447	0.0004
-0.29	0.0027	25.52544031041707	0.0013
-0.28	0.004	27.48893571891069	0.0007
-0.26	0.0054	29.452431127404306	0.001
-0.25	0.0095	31.41592653589793	0.0005
-0.23	0.0068	33.37942194439155	0.0002
-0.21	0.0052	35.34291735288517	0.0001
-0.2	0.0046	37.30641276137879	0.0006
-0.18	0.0129	39.26990816987241	0.0003
-0.17	0.0227	41.23340357836604	0.0001
-0.15	0.026	43.19689898685965	0.0002
-0.13	0.0329	45.16039439535327	0.0002
-0.12	0.0367	47.12388980384689	0.0001
-0.1	0.0259	49.087385212340514	0.0002
-0.09	0.0258	51.05088062083414	0.0002
-0.07	0.0395	53.01437602932776	0.0001
-0.06	0.0575	54.97787143782138	0.0003
-0.04	0.0509	56.941366846315	0.0001
-0.02	0.0386	58.90486225480861	0.0001
-0.01	0.0426	60.868357663302234	0.0001
0.01	0.0436	62.83185307179586	0.0
0.02	0.0372	64.79534848028948	0.0004
0.04	0.0551	66.7588438887831	0.0001
0.06	0.0596	68.72233929727672	0.0
0.07	0.0344	70.68583470577035	0.0
0.09	0.0268	72.64933011426396	0.0002
0.1	0.0265	74.61282552275757	0.0
0.12	0.0408	76.5763209312512	0.0
0.13	0.0323	78.53981633974482	0.0001
0.15	0.0288	80.50331174823843	0.0004
0.17	0.0248	82.46680715673207	0.0
0.18	0.0147	84.43030256522569	0.0002
0.2	0.0036	86.3937979737193	0.0001
0.21	0.0071	88.35729338221293	0.0002
0.23	0.0087	90.32078879070654	0.0001
0.25	0.0107	92.28428419920017	0.0002
0.26	0.0061	94.24777960769379	0.0
0.28	0.0049	96.2112750161874	0.0004
0.29	0.0022	98.17477042468103	0.0002
0.31	0.0053	100.13826583317464	0.0001
0.33	0.0076	102.10176124166829	0.0002
0.34	0.0027	104.0652566501619	0.0004
0.36	0.0011	106.02875205865551	0.0004
0.37	0.0016	107.99224746714914	0.0007
0.39	0.0064	109.95574287564276	0.0006
0.4	0.0032	111.91923828413637	0.0006
0.42	0.0016	113.88273369263	0.0005
0.44	0.0005	115.84622910112361	0.0008
0.45	0.0026	117.80972450961723	0.0006
0.47	0.0047	119.77321991811085	0.0009
0.48	0.0022	121.73671532660447	0.0014
0.5	0.0017	123.70021073509811	0.0017
