-0.5	0.0117	0.0	0.015
-0.48	0.0087	98.17477042468103	0.0224
-0.47	0.0118	196.34954084936206	0.0535
-0.45	0.0102	294.5243112740431	0.2216
-0.44	0.0099	392.6990816987241	0.0393
-0.42	0.0111	490.8738521234052	0.3124
-0.4	0.011	589.0486225480862	0.1437
-0.39	0.0119	687.2233929727672	0.0637
-0.37	0.0108	785.3981633974482	0.0937
-0.36	0.0122	883.5729338221292	0.0072
-0.34	0.0112	981.7477042468104	0.0077
-0.33	0.0136	1079.9224746714913	0.0011
-0.31	0.0145	1178.0972450961724	0.001
-0.29	0.0133	1276.2720155208535	0.0006
-0.28	0.0155	1374.4467859455344	0.0005
-0.26	0.015	1472.6215563702153	0.0004
-0.25	0.0165	1570.7963267948965	0.0008
-0.23	0.0168	1668.9710972195776	0.0009
-0.21	0.0168	1767.1458676442585	0.0004
-0.2	0.0177	1865.3206380689396	0.0002
-0.18	0.0179	1963.4954084936207	0.0002
-0.17	0.0188	2061.6701789183016	0.0005
-0.15	0.0165	2159.8449493429825	0.0001
-0.13	0.0173	2258.0197197676634	0.0
-0.12	0.0214	2356.194490192345	0.0002
-0.1	0.0232	2454.369260617026	0.0002
-0.09	0.0218	2552.544031041707	0.0002
-0.07	0.0205	2650.718801466388	0.0
-0.06	0.0221	2748.893571891069	0.0003
-0.04	0.02	2847.06834231575	0.0001
-0.02	0.0197	2945.2431127404307	0.0001
-0.01	0.0228	3043.417883165112	0.0001
0.01	0.0216	3141.592653589793	0.0001
0.02	0.0211	3239.7674240144743	0.0002
0.04	0.0231	3337.942194439155	0.0
0.06	0.0204	3436.116964863836	0.0002
0.07	0.0195	3534.291735288517	0.0001
0.09	0.0219	3632.4665057131983	0.0002
0.1	0.0207	3730.6412761378792	0.0
0.12	0.0215	3828.81604656256	0.0
0.13	0.0173	3926.9908169872415	0.0004
0.15	0.0158	4025.165587411922	0.0001
0.17	0.0193	4123.340357836603	0.0002
0.18	0.0155	4221.515128261284	0.0005
0.2	0.0184	4319.689898685965	0.0
0.21	0.0174	4417.864669110647	0.0
0.23	0.0151	4516.039439535327	0.0001
0.25	0.0167	4614.214209960009	0.0
0.26	0.0137	4712.38898038469	0.0003
0.28	0.0131	4810.5637508093705	0.0
0.29	0.0154	4908.738521234052	0.0001
0.31	0.0146	5006.913291658732	0.0
0.33	0.0123	5105.088062083414	0.0004
0.34	0.0136	5203.262832508095	0.0003
0.36	0.0126	5301.437602932776	0.0005
0.37	0.0126	5399.612373357457	0.0003
0.39	0.0117	5497.787143782138	0.0006
0.4	0.0115	5595.961914206819	0.0005
0.42	0.0094	5694.1366846315	0.0004
0.44	0.011	5792.31145505618	0.0007
0.45	0.0102	5890.486225480861	0.0008
0.47	0.0099	5988.660995905543	0.001
0.48	0.0093	6086.835766330224	0.0015
0.5	0.0116	6185.010536754906	0.0024
