-0.5	0.0122	0.0	0.0195
-0.48	0.0017	9.817477042468104	0.0185
-0.47	0.0012	19.634954084936208	0.0455
-0.45	0.0038	29.45243112740431	0.2262
-0.44	0.0028	39.269908169872416	0.038
-0.42	0.0005	49.087385212340514	0.3137
-0.4	0.0002	58.90486225480862	0.1602
-0.39	0.0012	68.72233929727672	0.0664
-0.37	0.0011	78.53981633974483	0.0744
-0.36	0.0033	88.35729338221293	0.008
-0.34	0.0015	98.17477042468103	0.0087
-0.33	0.0003	107.99224746714913	0.0016
-0.31	0.0052	117.80972450961724	0.0011
-0.29	0.0078	127.62720155208535	0.0011
-0.28	0.0045	137.44467859455344	0.0012
-0.26	0.0079	147.26215563702155	0.0003
-0.25	0.0218	157.07963267948966	0.0005
-0.23	0.0248	166.89710972195778	0.0005
-0.21	0.0182	176.71458676442586	0.0004
-0.2	0.0164	186.53206380689394	0.0007
-0.18	0.026	196.34954084936206	0.0003
-0.17	0.032	206.16701789183017	0.0004
-0.15	0.021	215.98449493429825	0.0003
-0.13	0.0283	225.80197197676637	0.0001
-0.12	0.0362	235.61944901923448	0.0001
-0.1	0.0264	245.4369260617026	0.0002
-0.09	0.0248	255.2544031041707	0.0001
-0.07	0.038	265.07188014663876	0.0002
-0.06	0.0367	274.8893571891069	0.0002
-0.04	0.0279	284.706834231575	0.0
-0.02	0.0243	294.5243112740431	0.0001
-0.01	0.0408	304.3417883165112	0.0001
0.01	0.0424	314.1592653589793	0.0001
0.02	0.0232	323.97674240144744	0.0001
0.04	0.0309	333.79421944391555	0.0
0.06	0.0363	343.6116964863836	0.0001
0.07	0.0345	353.4291735288517	0.0007
0.09	0.0245	363.24665057131983	0.0001
0.1	0.027	373.0641276137879	0.0001
0.12	0.0419	382.881604656256	0.0002
0.13	0.0294	392.6990816987241	0.0001
0.15	0.0188	402.5165587411922	0.0001
0.17	0.0304	412.33403578366034	0.0001
0.18	0.0299	422.15151282612845	0.0
0.2	0.0158	431.9689898685965	0.0003
0.21	0.0198	441.7864669110647	0.0002
0.23	0.024	451.60394395353273	0.0002
0.25	0.0187	461.4214209960009	0.0004
0.26	0.007	471.23889803846896	0.0002
0.28	0.0047	481.056375080937	0.0003
0.29	0.008	490.8738521234052	0.0
0.31	0.0042	500.69132916587324	0.0005
0.33	0.0005	510.5088062083414	0.0004
0.34	0.0022	520.3262832508095	0.0002
0.36	0.0034	530.1437602932775	0.0001
0.37	0.0006	539.9612373357457	0.0003
0.39	0.0008	549.7787143782137	0.0005
0.4	0.0004	559.5961914206819	0.0005
0.42	0.0013	569.41366846315	0.0006
0.44	0.0019	579.2311455056181	0.0006
0.45	0.0032	589.0486225480862	0.0006
0.47	0.0017	598.8660995905543	0.0008
0.48	0.0024	608.6835766330224	0.0011
0.5	0.0114	618.5010536754905	0.0019
