-0.5	0.0049	0.0	0.007
-0.48	0.0	3.272492347489368	0.0161
-0.47	0.0	6.544984694978736	0.0327
-0.45	0.0004	9.817477042468104	0.2194
-0.44	0.0007	13.089969389957473	0.0416
-0.42	0.0007	16.36246173744684	0.365
-0.4	0.0016	19.634954084936208	0.1552
-0.39	0.0037	22.907446432425576	0.0706
-0.37	0.0018	26.179938779914945	0.0609
-0.36	0.0035	29.45243112740431	0.0072
-0.34	0.0052	32.72492347489368	0.004
-0.33	0.0049	35.99741582238305	0.0017
-0.31	0.0063	39.269908169872416	0.001
-0.29	0.0052	42.542400517361784	0.0008
-0.28	0.0073	45.81489286485115	0.0009
-0.26	0.0106	49.087385212340514	0.0005
-0.25	0.0163	52.35987755982989	0.0002
-0.23	0.0126	55.63236990731926	0.0004
-0.21	0.0079	58.90486225480862	0.0005
-0.2	0.0069	62.17735460229799	0.0003
-0.18	0.0191	65.44984694978736	0.0001
-0.17	0.0238	68.72233929727673	0.0003
-0.15	0.0227	71.9948316447661	0.0
-0.13	0.0293	75.26732399225546	0.0003
-0.12	0.0444	78.53981633974483	0.0002
-0.1	0.0371	81.81230868723421	0.0002
-0.09	0.0318	85.08480103472357	0.0002
-0.07	0.0393	88.35729338221293	0.0001
-0.06	0.0563	91.6297857297023	0.0001
-0.04	0.0352	94.90227807719167	0.0004
-0.02	0.0265	98.17477042468103	0.0
-0.01	0.0264	101.4472627721704	0.0003
0.01	0.0261	104.71975511965978	0.0
0.02	0.0309	107.99224746714914	0.0001
0.04	0.0395	111.26473981463852	0.0
0.06	0.0548	114.53723216212788	0.0002
0.07	0.0476	117.80972450961724	0.0
0.09	0.0303	121.08221685710662	0.0002
0.1	0.033	124.35470920459598	0.0002
0.12	0.0409	127.62720155208535	0.0002
0.13	0.0363	130.89969389957471	0.0
0.15	0.0236	134.17218624706408	0.0
0.17	0.0228	137.44467859455347	0.0001
0.18	0.0211	140.71717094204283	0.0001
0.2	0.0081	143.9896632895322	0.0003
0.21	0.0085	147.26215563702155	0.0001
0.23	0.0114	150.5346479845109	0.0003
0.25	0.0171	153.8071403320003	0.0001
0.26	0.0111	157.07963267948966	0.0002
0.28	0.0071	160.35212502697902	0.0001
0.29	0.0041	163.62461737446841	0.0003
0.31	0.0062	166.89710972195778	0.0001
0.33	0.0047	170.16960206944714	0.0002
0.34	0.0048	173.4420944169365	0.0008
0.36	0.0046	176.71458676442586	0.0004
0.37	0.0015	179.98707911191525	0.0004
0.39	0.0041	183.2595714594046	0.0007
0.4	0.0012	186.53206380689397	0.0005
0.42	0.0008	189.80455615438333	0.0005
0.44	0.0008	193.0770485018727	0.001
0.45	0.0007	196.34954084936206	0.0005
0.47	0.0	199.62203319685145	0.0008
0.48	0.0001	202.8945255443408	0.0016
0.5	0.0038	206.1670178918302	0.0018
