-0.5	0.0082	0.0	0.0105
-0.48	0.0038	9.817477042468104	0.0193
-0.47	0.0036	19.634954084936208	0.045
-0.45	0.0042	29.45243112740431	0.2273
-0.44	0.0028	39.269908169872416	0.0381
-0.42	0.002	49.087385212340514	0.3314
-0.4	0.0018	58.90486225480862	0.1552
-0.39	0.0019	68.72233929727672	0.0644
-0.37	0.0021	78.53981633974483	0.0783
-0.36	0.0044	88.35729338221293	0.006
-0.34	0.0042	98.17477042468103	0.005
-0.33	0.0034	107.99224746714913	0.0015
-0.31	0.0074	117.80972450961724	0.0013
-0.29	0.0085	127.62720155208535	0.0007
-0.28	0.0106	137.44467859455344	0.0002
-0.26	0.0094	147.26215563702155	0.0004
-0.25	0.0179	157.07963267948966	0.0004
-0.23	0.0214	166.89710972195778	0.0004
-0.21	0.0191	176.71458676442586	0.0007
-0.2	0.0187	186.53206380689394	0.0002
-0.18	0.0245	196.34954084936206	0.0004
-0.17	0.0248	206.16701789183017	0.0002
-0.15	0.0211	215.98449493429825	0.0004
-0.13	0.0277	225.80197197676637	0.0001
-0.12	0.0274	235.61944901923448	0.0002
-0.1	0.0286	245.4369260617026	0.0001
-0.09	0.0309	255.2544031041707	0.0001
-0.07	0.0332	265.07188014663876	0.0
-0.06	0.0323	274.8893571891069	0.0003
-0.04	0.0329	284.706834231575	0.0001
-0.02	0.0288	294.5243112740431	0.0001
-0.01	0.037	304.3417883165112	0.0002
0.01	0.0363	314.1592653589793	0.0004
0.02	0.0283	323.97674240144744	0.0001
0.04	0.0313	333.79421944391555	0.0002
0.06	0.0353	343.6116964863836	0.0
0.07	0.029	353.4291735288517	0.0001
0.09	0.0288	363.24665057131983	0.0
0.1	0.0271	373.0641276137879	0.0002
0.12	0.0295	382.881604656256	0.0002
0.13	0.0258	392.6990816987241	0.0001
0.15	0.0225	402.5165587411922	0.0002
0.17	0.0239	412.33403578366034	0.0
0.18	0.0254	422.15151282612845	0.0
0.2	0.0189	431.9689898685965	0.0001
0.21	0.0194	441.7864669110647	0.0001
0.23	0.0191	451.60394395353273	0.0002
0.25	0.0191	461.4214209960009	0.0003
0.26	0.0128	471.23889803846896	0.0001
0.28	0.0105	481.056375080937	0.0001
0.29	0.0076	490.8738521234052	0.0003
0.31	0.0061	500.69132916587324	0.0002
0.33	0.0043	510.5088062083414	0.0005
0.34	0.0031	520.3262832508095	0.0006
0.36	0.0048	530.1437602932775	0.0001
0.37	0.0011	539.9612373357457	0.0002
0.39	0.0021	549.7787143782137	0.0004
0.4	0.0015	559.5961914206819	0.0005
0.42	0.002	569.41366846315	0.0003
0.44	0.0027	579.2311455056181	0.0006
0.45	0.0036	589.0486225480862	0.0007
0.47	0.0039	598.8660995905543	0.0007
0.48	0.0031	608.6835766330224	0.0021
0.5	0.0065	618.5010536754905	0.0019
