-0.5	0.0046	0.0	0.0104
-0.48	0.0048	9.817477042468104	0.0173
-0.47	0.0048	19.634954084936208	0.0472
-0.45	0.0029	29.45243112740431	0.2162
-0.44	0.0028	39.269908169872416	0.0441
-0.42	0.002	49.087385212340514	0.3346
-0.4	0.0022	58.90486225480862	0.1546
-0.39	0.0022	68.72233929727672	0.0678
-0.37	0.0021	78.53981633974483	0.0779
-0.36	0.0031	88.35729338221293	0.0068
-0.34	0.0051	98.17477042468103	0.0045
-0.33	0.0043	107.99224746714913	0.0022
-0.31	0.0084	117.80972450961724	0.0012
-0.29	0.0102	127.62720155208535	0.0007
-0.28	0.0096	137.44467859455344	0.0003
-0.26	0.0139	147.26215563702155	0.001
-0.25	0.015	157.07963267948966	0.0006
-0.23	0.0201	166.89710972195778	0.0003
-0.21	0.0197	176.71458676442586	0.0003
-0.2	0.0203	186.53206380689394	0.0004
-0.18	0.0234	196.34954084936206	0.0003
-0.17	0.0236	206.16701789183017	0.0002
-0.15	0.0223	215.98449493429825	0.0001
-0.13	0.026	225.80197197676637	0.0003
-0.12	0.0272	235.61944901923448	0.0
-0.1	0.0289	245.4369260617026	0.0001
-0.09	0.0311	255.2544031041707	0.0002
-0.07	0.0287	265.07188014663876	0.0002
-0.06	0.0334	274.8893571891069	0.0001
-0.04	0.0319	284.706834231575	0.0
-0.02	0.0331	294.5243112740431	0.0001
-0.01	0.0337	304.3417883165112	0.0
0.01	0.0327	314.1592653589793	0.0001
0.02	0.0331	323.97674240144744	0.0001
0.04	0.0312	333.79421944391555	0.0
0.06	0.0321	343.6116964863836	0.0
0.07	0.0315	353.4291735288517	0.0001
0.09	0.0296	363.24665057131983	0.0
0.1	0.0286	373.0641276137879	0.0002
0.12	0.0264	382.881604656256	0.0001
0.13	0.0264	392.6990816987241	0.0
0.15	0.0263	402.5165587411922	0.0004
0.17	0.0237	412.33403578366034	0.0001
0.18	0.0224	422.15151282612845	0.0
0.2	0.0204	431.9689898685965	0.0002
0.21	0.018	441.7864669110647	0.0001
0.23	0.0165	451.60394395353273	0.0
0.25	0.0153	461.4214209960009	0.0
0.26	0.0143	471.23889803846896	0.0
0.28	0.0109	481.056375080937	0.0001
0.29	0.0096	490.8738521234052	0.0002
0.31	0.0087	500.69132916587324	0.0
0.33	0.0057	510.5088062083414	0.0004
0.34	0.0041	520.3262832508095	0.0001
0.36	0.0032	530.1437602932775	0.0002
0.37	0.0022	539.9612373357457	0.0004
0.39	0.0021	549.7787143782137	0.0005
0.4	0.0016	559.5961914206819	0.0007
0.42	0.0015	569.41366846315	0.0005
0.44	0.0027	579.2311455056181	0.0004
0.45	0.0044	589.0486225480862	0.0005
0.47	0.0039	598.8660995905543	0.001
0.48	0.006	608.6835766330224	0.0008
0.5	0.0035	618.5010536754905	0.0028
