-0.5	0.023	0.0	0.0311
-0.48	0.0132	9.817477042468104	0.0185
-0.47	0.0123	19.634954084936208	0.0488
-0.45	0.0105	29.45243112740431	0.2256
-0.44	0.0076	39.269908169872416	0.034
-0.42	0.0026	49.087385212340514	0.3014
-0.4	0.0011	58.90486225480862	0.1479
-0.39	0.0019	68.72233929727672	0.0648
-0.37	0.0012	78.53981633974483	0.0777
-0.36	0.0031	88.35729338221293	0.0118
-0.34	0.0055	98.17477042468103	0.0163
-0.33	0.0051	107.99224746714913	0.0025
-0.31	0.0093	117.80972450961724	0.0017
-0.29	0.0206	127.62720155208535	0.0012
-0.28	0.008	137.44467859455344	0.0008
-0.26	0.0037	147.26215563702155	0.0006
-0.25	0.0146	157.07963267948966	0.0005
-0.23	0.021	166.89710972195778	0.0
-0.21	0.0162	176.71458676442586	0.0005
-0.2	0.0102	186.53206380689394	0.0003
-0.18	0.0177	196.34954084936206	0.0001
-0.17	0.0268	206.16701789183017	0.0001
-0.15	0.0159	215.98449493429825	0.0002
-0.13	0.029	225.80197197676637	0.0002
-0.12	0.0453	235.61944901923448	0.0001
-0.1	0.0268	245.4369260617026	0.0
-0.09	0.0288	255.2544031041707	0.0002
-0.07	0.0362	265.07188014663876	0.0003
-0.06	0.0227	274.8893571891069	0.0002
-0.04	0.0214	284.706834231575	0.0002
-0.02	0.0139	294.5243112740431	0.0001
-0.01	0.0225	304.3417883165112	0.0002
0.01	0.0205	314.1592653589793	0.0001
0.02	0.0158	323.97674240144744	0.0001
0.04	0.021	333.79421944391555	0.0002
0.06	0.0255	343.6116964863836	0.0003
0.07	0.032	353.4291735288517	0.0001
0.09	0.0288	363.24665057131983	0.0
0.1	0.0265	373.0641276137879	0.0
0.12	0.0454	382.881604656256	0.0002
0.13	0.0263	392.6990816987241	0.0001
0.15	0.0162	402.5165587411922	0.0002
0.17	0.0264	412.33403578366034	0.0002
0.18	0.0168	422.15151282612845	0.0001
0.2	0.0106	431.9689898685965	0.0
0.21	0.0183	441.7864669110647	0.0004
0.23	0.0246	451.60394395353273	0.0
0.25	0.0135	461.4214209960009	0.0001
0.26	0.0057	471.23889803846896	0.0002
0.28	0.009	481.056375080937	0.0002
0.29	0.019	490.8738521234052	0.0005
0.31	0.0123	500.69132916587324	0.0003
0.33	0.0062	510.5088062083414	0.0001
0.34	0.0041	520.3262832508095	0.0
0.36	0.0021	530.1437602932775	0.0004
0.37	0.0012	539.9612373357457	0.0003
0.39	0.0019	549.7787143782137	0.0002
0.4	0.0019	559.5961914206819	0.0002
0.42	0.003	569.41366846315	0.0008
0.44	0.0084	579.2311455056181	0.0005
0.45	0.0104	589.0486225480862	0.0005
0.47	0.0108	598.8660995905543	0.0016
0.48	0.0144	608.6835766330224	0.002
0.5	0.0237	618.5010536754905	0.0022
