-0.5	0.0063	0.0	0.0111
-0.48	0.0184	1.9634954084936207	0.0225
-0.47	0.0151	3.9269908169872414	0.057
-0.45	0.0101	5.890486225480862	0.2316
-0.44	0.0079	7.853981633974483	0.0356
-0.42	0.0184	9.817477042468102	0.2942
-0.4	0.0195	11.780972450961723	0.1512
-0.39	0.0161	13.744467859455344	0.0702
-0.37	0.0095	15.707963267948966	0.093
-0.36	0.007	17.671458676442587	0.0057
-0.34	0.0073	19.634954084936204	0.0056
-0.33	0.0104	21.598449493429825	0.0014
-0.31	0.0167	23.561944901923447	0.0016
-0.29	0.0055	25.52544031041707	0.001
-0.28	0.0043	27.48893571891069	0.0011
-0.26	0.0066	29.452431127404306	0.0009
-0.25	0.0133	31.41592653589793	0.0007
-0.23	0.01	33.37942194439155	0.0005
-0.21	0.008	35.34291735288517	0.0004
-0.2	0.0086	37.30641276137879	0.0001
-0.18	0.0118	39.26990816987241	0.0002
-0.17	0.0103	41.23340357836604	0.0001
-0.15	0.0096	43.19689898685965	0.0
-0.13	0.0307	45.16039439535327	0.0002
-0.12	0.0271	47.12388980384689	0.0002
-0.1	0.0301	49.087385212340514	0.0003
-0.09	0.0329	51.05088062083414	0.0
-0.07	0.0257	53.01437602932776	0.0001
-0.06	0.0296	54.97787143782138	0.0002
-0.04	0.0286	56.941366846315	0.0001
-0.02	0.0247	58.90486225480861	0.0001
-0.01	0.0171	60.868357663302234	0.0001
0.01	0.02	62.83185307179586	0.0001
0.02	0.0264	64.79534848028948	0.0001
0.04	0.0323	66.7588438887831	0.0
0.06	0.0273	68.72233929727672	0.0002
0.07	0.0274	70.68583470577035	0.0002
0.09	0.033	72.64933011426396	0.0001
0.1	0.0301	74.61282552275757	0.0002
0.12	0.0221	76.5763209312512	0.0
0.13	0.0322	78.53981633974482	0.0002
0.15	0.0122	80.50331174823843	0.0
0.17	0.011	82.46680715673207	0.0
0.18	0.0143	84.43030256522569	0.0001
0.2	0.0076	86.3937979737193	0.0003
0.21	0.0078	88.35729338221293	0.0002
0.23	0.009	90.32078879070654	0.0002
0.25	0.0121	92.28428419920017	0.0001
0.26	0.0087	94.24777960769379	0.0002
0.28	0.0043	96.2112750161874	0.0002
0.29	0.0042	98.17477042468103	0.0003
0.31	0.0149	100.13826583317464	0.0002
0.33	0.0098	102.10176124166829	0.0004
0.34	0.0066	104.0652566501619	0.0003
0.36	0.0055	106.02875205865551	0.0005
0.37	0.01	107.99224746714914	0.0003
0.39	0.0178	109.95574287564276	0.0005
0.4	0.0221	111.91923828413637	0.0004
0.42	0.021	113.88273369263	0.0006
0.44	0.0081	115.84622910112361	0.0007
0.45	0.0094	117.80972450961723	0.0011
0.47	0.0135	119.77321991811085	0.0012
0.48	0.0164	121.73671532660447	0.0016
0.5	0.0057	123.70021073509811	0.0025
