-0.5	0.0134	0.0	0.018
-0.48	0.0084	98.17477042468103	0.0211
-0.47	0.0089	196.34954084936206	0.0548
-0.45	0.0103	294.5243112740431	0.2223
-0.44	0.0092	392.6990816987241	0.0342
-0.42	0.0077	490.8738521234052	0.3245
-0.4	0.007	589.0486225480862	0.1398
-0.39	0.0086	687.2233929727672	0.0584
-0.37	0.0071	785.3981633974482	0.0854
-0.36	0.0125	883.5729338221292	0.0081
-0.34	0.0116	981.7477042468104	0.0117
-0.33	0.0137	1079.9224746714913	0.0025
-0.31	0.0173	1178.0972450961724	0.0022
-0.29	0.0141	1276.2720155208535	0.0009
-0.28	0.0153	1374.4467859455344	0.0007
-0.26	0.0143	1472.6215563702153	0.0001
-0.25	0.0196	1570.7963267948965	0.0006
-0.23	0.0176	1668.9710972195776	0.0
-0.21	0.02	1767.1458676442585	0.0005
-0.2	0.018	1865.3206380689396	0.0004
-0.18	0.0173	1963.4954084936207	0.0002
-0.17	0.0224	2061.6701789183016	0.0001
-0.15	0.0211	2159.8449493429825	0.0001
-0.13	0.0229	2258.0197197676634	0.0
-0.12	0.0263	2356.194490192345	0.0
-0.1	0.0231	2454.369260617026	0.0001
-0.09	0.0226	2552.544031041707	0.0001
-0.07	0.0199	2650.718801466388	0.0001
-0.06	0.0176	2748.893571891069	0.0001
-0.04	0.0168	2847.06834231575	0.0003
-0.02	0.0177	2945.2431127404307	0.0001
-0.01	0.0206	3043.417883165112	0.0002
0.01	0.0223	3141.592653589793	0.0002
0.02	0.0164	3239.7674240144743	0.0
0.04	0.0171	3337.942194439155	0.0
0.06	0.0184	3436.116964863836	0.0002
0.07	0.0208	3534.291735288517	0.0
0.09	0.0202	3632.4665057131983	0.0
0.1	0.0215	3730.6412761378792	0.0002
0.12	0.0244	3828.81604656256	0.0
0.13	0.0249	3926.9908169872415	0.0002
0.15	0.0223	4025.165587411922	0.0001
0.17	0.0253	4123.340357836603	0.0
0.18	0.0183	4221.515128261284	0.0
0.2	0.0198	4319.689898685965	0.0002
0.21	0.0172	4417.864669110647	0.0003
0.23	0.0188	4516.039439535327	0.0003
0.25	0.0153	4614.214209960009	0.0003
0.26	0.0135	4712.38898038469	0.0002
0.28	0.0152	4810.5637508093705	0.0003
0.29	0.0126	4908.738521234052	0.0001
0.31	0.0133	5006.913291658732	0.0002
0.33	0.0126	5105.088062083414	0.0003
0.34	0.0129	5203.262832508095	0.0003
0.36	0.0088	5301.437602932776	0.0003
0.37	0.0094	5399.612373357457	0.0001
0.39	0.0089	5497.787143782138	0.0001
0.4	0.0079	5595.961914206819	0.0
0.42	0.0066	5694.1366846315	0.0008
0.44	0.0084	5792.31145505618	0.0003
0.45	0.0102	5890.486225480861	0.0012
0.47	0.0112	5988.660995905543	0.0018
0.48	0.0113	6086.835766330224	0.0018
0.5	0.0113	6185.010536754906	0.0026
