-0.5	0.0088	0.0	0.0141
-0.48	0.01	3.272492347489368	0.0258
-0.47	0.0133	6.544984694978736	0.0649
-0.45	0.0124	9.817477042468104	0.2193
-0.44	0.0118	13.089969389957473	0.0356
-0.42	0.0119	16.36246173744684	0.2772
-0.4	0.0142	19.634954084936208	0.1507
-0.39	0.0162	22.907446432425576	0.07
-0.37	0.0132	26.179938779914945	0.1057
-0.36	0.0146	29.45243112740431	0.0082
-0.34	0.0149	32.72492347489368	0.0068
-0.33	0.0128	35.99741582238305	0.0016
-0.31	0.0118	39.269908169872416	0.0014
-0.29	0.009	42.542400517361784	0.001
-0.28	0.01	45.81489286485115	0.0008
-0.26	0.012	49.087385212340514	0.0004
-0.25	0.012	52.35987755982989	0.0006
-0.23	0.0097	55.63236990731926	0.0005
-0.21	0.007	58.90486225480862	0.0007
-0.2	0.007	62.17735460229799	0.0002
-0.18	0.0088	65.44984694978736	0.0001
-0.17	0.0118	68.72233929727673	0.0001
-0.15	0.0115	71.9948316447661	0.0006
-0.13	0.0166	75.26732399225546	0.0001
-0.12	0.0196	78.53981633974483	0.0001
-0.1	0.022	81.81230868723421	0.0004
-0.09	0.0224	85.08480103472357	0.0001
-0.07	0.0279	88.35729338221293	0.0002
-0.06	0.0347	91.6297857297023	0.0003
-0.04	0.0325	94.90227807719167	0.0
-0.02	0.0308	98.17477042468103	0.0001
-0.01	0.0316	101.4472627721704	0.0
0.01	0.0286	104.71975511965978	0.0002
0.02	0.0311	107.99224746714914	0.0002
0.04	0.0338	111.26473981463852	0.0001
0.06	0.0347	114.53723216212788	0.0002
0.07	0.0258	117.80972450961724	0.0
0.09	0.0219	121.08221685710662	0.0002
0.1	0.0203	124.35470920459598	0.0001
0.12	0.0195	127.62720155208535	0.0002
0.13	0.0158	130.89969389957471	0.0003
0.15	0.0111	134.17218624706408	0.0001
0.17	0.0109	137.44467859455347	0.0003
0.18	0.0099	140.71717094204283	0.0001
0.2	0.0058	143.9896632895322	0.0003
0.21	0.0076	147.26215563702155	0.0002
0.23	0.0099	150.5346479845109	0.0002
0.25	0.0113	153.8071403320003	0.0001
0.26	0.0111	157.07963267948966	0.0002
0.28	0.0091	160.35212502697902	0.0
0.29	0.0112	163.62461737446841	0.0002
0.31	0.0109	166.89710972195778	0.0003
0.33	0.0158	170.16960206944714	0.0001
0.34	0.0166	173.4420944169365	0.0002
0.36	0.0151	176.71458676442586	0.0003
0.37	0.0155	179.98707911191525	0.0005
0.39	0.0128	183.2595714594046	0.0004
0.4	0.0143	186.53206380689397	0.0003
0.42	0.0115	189.80455615438333	0.0003
0.44	0.0133	193.0770485018727	0.0007
0.45	0.0115	196.34954084936206	0.0006
0.47	0.0104	199.62203319685145	0.0012
0.48	0.0103	202.8945255443408	0.0021
0.5	0.0098	206.1670178918302	0.0022
