-0.5	0.0126	0.0	0.0148
-0.48	0.0136	3.272492347489368	0.0306
-0.47	0.0123	6.544984694978736	0.0619
-0.45	0.0136	9.817477042468104	0.2198
-0.44	0.0143	13.089969389957473	0.0369
-0.42	0.0157	16.36246173744684	0.2785
-0.4	0.0142	19.634954084936208	0.1474
-0.39	0.015	22.907446432425576	0.0643
-0.37	0.0157	26.179938779914945	0.1104
-0.36	0.0159	29.45243112740431	0.0065
-0.34	0.0136	32.72492347489368	0.0083
-0.33	0.0151	35.99741582238305	0.0017
-0.31	0.0124	39.269908169872416	0.0018
-0.29	0.0111	42.542400517361784	0.001
-0.28	0.0098	45.81489286485115	0.0006
-0.26	0.0107	49.087385212340514	0.0006
-0.25	0.0103	52.35987755982989	0.0004
-0.23	0.007	55.63236990731926	0.0004
-0.21	0.006	58.90486225480862	0.0005
-0.2	0.007	62.17735460229799	0.0005
-0.18	0.0114	65.44984694978736	0.0001
-0.17	0.0104	68.72233929727673	0.0003
-0.15	0.0124	71.9948316447661	0.0004
-0.13	0.0137	75.26732399225546	0.0002
-0.12	0.0165	78.53981633974483	0.0005
-0.1	0.0158	81.81230868723421	0.0002
-0.09	0.0195	85.08480103472357	0.0003
-0.07	0.025	88.35729338221293	0.0002
-0.06	0.028	91.6297857297023	0.0001
-0.04	0.0309	94.90227807719167	0.0
-0.02	0.0322	98.17477042468103	0.0
-0.01	0.0295	101.4472627721704	0.0002
0.01	0.0329	104.71975511965978	0.0001
0.02	0.0313	107.99224746714914	0.0
0.04	0.0305	111.26473981463852	0.0001
0.06	0.0334	114.53723216212788	0.0
0.07	0.0283	117.80972450961724	0.0002
0.09	0.0237	121.08221685710662	0.0001
0.1	0.0212	124.35470920459598	0.0001
0.12	0.0168	127.62720155208535	0.0001
0.13	0.014	130.89969389957471	0.0001
0.15	0.012	134.17218624706408	0.0001
0.17	0.009	137.44467859455347	0.0002
0.18	0.0092	140.71717094204283	0.0003
0.2	0.0062	143.9896632895322	0.0001
0.21	0.006	147.26215563702155	0.0002
0.23	0.0093	150.5346479845109	0.0003
0.25	0.0101	153.8071403320003	0.0
0.26	0.0103	157.07963267948966	0.0004
0.28	0.0096	160.35212502697902	0.0001
0.29	0.011	163.62461737446841	0.0001
0.31	0.0111	166.89710972195778	0.0001
0.33	0.0131	170.16960206944714	0.0001
0.34	0.0125	173.4420944169365	0.0002
0.36	0.0153	176.71458676442586	0.0003
0.37	0.0159	179.98707911191525	0.0003
0.39	0.017	183.2595714594046	0.0002
0.4	0.0161	186.53206380689397	0.0001
0.42	0.0171	189.80455615438333	0.0004
0.44	0.0159	193.0770485018727	0.0008
0.45	0.0144	196.34954084936206	0.001
0.47	0.0129	199.62203319685145	0.0007
0.48	0.0117	202.8945255443408	0.001
0.5	0.011	206.1670178918302	0.0028
