-0.5	0.0134	0.0	0.0156
-0.48	0.0128	98.17477042468103	0.0231
-0.47	0.0118	196.34954084936206	0.0543
-0.45	0.0095	294.5243112740431	0.2104
-0.44	0.007	392.6990816987241	0.038
-0.42	0.0032	490.8738521234052	0.3357
-0.4	0.0049	589.0486225480862	0.1406
-0.39	0.0055	687.2233929727672	0.0645
-0.37	0.0041	785.3981633974482	0.0818
-0.36	0.0067	883.5729338221292	0.0082
-0.34	0.0073	981.7477042468104	0.0082
-0.33	0.0094	1079.9224746714913	0.0018
-0.31	0.0142	1178.0972450961724	0.0013
-0.29	0.0126	1276.2720155208535	0.0008
-0.28	0.013	1374.4467859455344	0.0007
-0.26	0.0116	1472.6215563702153	0.0005
-0.25	0.0195	1570.7963267948965	0.0003
-0.23	0.0202	1668.9710972195776	0.0006
-0.21	0.0246	1767.1458676442585	0.0003
-0.2	0.0208	1865.3206380689396	0.0002
-0.18	0.0189	1963.4954084936207	0.0003
-0.17	0.0268	2061.6701789183016	0.0002
-0.15	0.0239	2159.8449493429825	0.0001
-0.13	0.0269	2258.0197197676634	0.0002
-0.12	0.0304	2356.194490192345	0.0003
-0.1	0.0284	2454.369260617026	0.0002
-0.09	0.0256	2552.544031041707	0.0
-0.07	0.0214	2650.718801466388	0.0003
-0.06	0.0172	2748.893571891069	0.0001
-0.04	0.0125	2847.06834231575	0.0
-0.02	0.0132	2945.2431127404307	0.0001
-0.01	0.0204	3043.417883165112	0.0001
0.01	0.0206	3141.592653589793	0.0002
0.02	0.0165	3239.7674240144743	0.0001
0.04	0.0132	3337.942194439155	0.0002
0.06	0.0162	3436.116964863836	0.0
0.07	0.0192	3534.291735288517	0.0
0.09	0.0259	3632.4665057131983	0.0
0.1	0.0268	3730.6412761378792	0.0002
0.12	0.0334	3828.81604656256	0.0001
0.13	0.0301	3926.9908169872415	0.0002
0.15	0.0254	4025.165587411922	0.0001
0.17	0.0283	4123.340357836603	0.0001
0.18	0.0189	4221.515128261284	0.0001
0.2	0.0206	4319.689898685965	0.0
0.21	0.0197	4417.864669110647	0.0001
0.23	0.0214	4516.039439535327	0.0001
0.25	0.0185	4614.214209960009	0.0002
0.26	0.0132	4712.38898038469	0.0001
0.28	0.0142	4810.5637508093705	0.0002
0.29	0.0117	4908.738521234052	0.0001
0.31	0.0142	5006.913291658732	0.0003
0.33	0.0107	5105.088062083414	0.0
0.34	0.0052	5203.262832508095	0.0003
0.36	0.0083	5301.437602932776	0.0003
0.37	0.0048	5399.612373357457	0.0003
0.39	0.006	5497.787143782138	0.0008
0.4	0.005	5595.961914206819	0.0008
0.42	0.0038	5694.1366846315	0.0004
0.44	0.0061	5792.31145505618	0.0003
0.45	0.0097	5890.486225480861	0.0004
0.47	0.0099	5988.660995905543	0.0014
0.48	0.013	6086.835766330224	0.001
0.5	0.0118	6185.010536754906	0.0028
