-0.5	0.011	0.0	0.014
-0.48	0.0084	98.17477042468103	0.022
-0.47	0.0094	196.34954084936206	0.0539
-0.45	0.0108	294.5243112740431	0.2196
-0.44	0.0097	392.6990816987241	0.0408
-0.42	0.0095	490.8738521234052	0.3149
-0.4	0.01	589.0486225480862	0.1477
-0.39	0.0105	687.2233929727672	0.0611
-0.37	0.0087	785.3981633974482	0.0902
-0.36	0.0103	883.5729338221292	0.0074
-0.34	0.0113	981.7477042468104	0.0094
-0.33	0.0138	1079.9224746714913	0.0025
-0.31	0.0114	1178.0972450961724	0.0015
-0.29	0.0149	1276.2720155208535	0.0004
-0.28	0.0143	1374.4467859455344	0.0004
-0.26	0.0136	1472.6215563702153	0.0005
-0.25	0.0182	1570.7963267948965	0.0003
-0.23	0.0182	1668.9710972195776	0.0004
-0.21	0.0188	1767.1458676442585	0.0002
-0.2	0.017	1865.3206380689396	0.0003
-0.18	0.0165	1963.4954084936207	0.0003
-0.17	0.0204	2061.6701789183016	0.0002
-0.15	0.0195	2159.8449493429825	0.0003
-0.13	0.0193	2258.0197197676634	0.0002
-0.12	0.02	2356.194490192345	0.0001
-0.1	0.0199	2454.369260617026	0.0003
-0.09	0.0207	2552.544031041707	0.0001
-0.07	0.0191	2650.718801466388	0.0004
-0.06	0.0197	2748.893571891069	0.0001
-0.04	0.0221	2847.06834231575	0.0
-0.02	0.0208	2945.2431127404307	0.0001
-0.01	0.0216	3043.417883165112	0.0003
0.01	0.0218	3141.592653589793	0.0
0.02	0.0223	3239.7674240144743	0.0001
0.04	0.02	3337.942194439155	0.0
0.06	0.0199	3436.116964863836	0.0002
0.07	0.0206	3534.291735288517	0.0
0.09	0.0217	3632.4665057131983	0.0002
0.1	0.0221	3730.6412761378792	0.0001
0.12	0.0227	3828.81604656256	0.0
0.13	0.0207	3926.9908169872415	0.0
0.15	0.0192	4025.165587411922	0.0001
0.17	0.0191	4123.340357836603	0.0002
0.18	0.0209	4221.515128261284	0.0003
0.2	0.0167	4319.689898685965	0.0001
0.21	0.0166	4417.864669110647	0.0001
0.23	0.017	4516.039439535327	0.0002
0.25	0.0174	4614.214209960009	0.0
0.26	0.0151	4712.38898038469	0.0001
0.28	0.0149	4810.5637508093705	0.0002
0.29	0.0163	4908.738521234052	0.0001
0.31	0.0152	5006.913291658732	0.0003
0.33	0.0143	5105.088062083414	0.0005
0.34	0.0124	5203.262832508095	0.0002
0.36	0.0151	5301.437602932776	0.0003
0.37	0.0098	5399.612373357457	0.0001
0.39	0.0101	5497.787143782138	0.0005
0.4	0.0099	5595.961914206819	0.0007
0.42	0.0087	5694.1366846315	0.0004
0.44	0.0102	5792.31145505618	0.0002
0.45	0.0101	5890.486225480861	0.0007
0.47	0.0092	5988.660995905543	0.0008
0.48	0.0096	6086.835766330224	0.0011
0.5	0.011	6185.010536754906	0.0023
