-0.5	0.0131	0.0	0.0174
-0.48	0.0129	3.272492347489368	0.0296
-0.47	0.0134	6.544984694978736	0.0667
-0.45	0.0149	9.817477042468104	0.2219
-0.44	0.0152	13.089969389957473	0.0321
-0.42	0.0149	16.36246173744684	0.2762
-0.4	0.0168	19.634954084936208	0.1419
-0.39	0.0158	22.907446432425576	0.0628
-0.37	0.0159	26.179938779914945	0.1104
-0.36	0.0149	29.45243112740431	0.0093
-0.34	0.0166	32.72492347489368	0.0074
-0.33	0.015	35.99741582238305	0.0022
-0.31	0.0107	39.269908169872416	0.0014
-0.29	0.0132	42.542400517361784	0.0007
-0.28	0.0123	45.81489286485115	0.0004
-0.26	0.0103	49.087385212340514	0.0007
-0.25	0.0106	52.35987755982989	0.0008
-0.23	0.0079	55.63236990731926	0.0006
-0.21	0.0061	58.90486225480862	0.0004
-0.2	0.0077	62.17735460229799	0.0001
-0.18	0.0088	65.44984694978736	0.0007
-0.17	0.0062	68.72233929727673	0.0003
-0.15	0.0103	71.9948316447661	0.0006
-0.13	0.0127	75.26732399225546	0.0
-0.12	0.0157	78.53981633974483	0.0003
-0.1	0.0192	81.81230868723421	0.0
-0.09	0.0233	85.08480103472357	0.0003
-0.07	0.0258	88.35729338221293	0.0002
-0.06	0.0283	91.6297857297023	0.0002
-0.04	0.0318	94.90227807719167	0.0002
-0.02	0.0293	98.17477042468103	0.0005
-0.01	0.0321	101.4472627721704	0.0
0.01	0.0331	104.71975511965978	0.0
0.02	0.0311	107.99224746714914	0.0
0.04	0.031	111.26473981463852	0.0002
0.06	0.0291	114.53723216212788	0.0
0.07	0.0254	117.80972450961724	0.0
0.09	0.0217	121.08221685710662	0.0
0.1	0.0188	124.35470920459598	0.0
0.12	0.018	127.62720155208535	0.0001
0.13	0.0149	130.89969389957471	0.0003
0.15	0.0083	134.17218624706408	0.0003
0.17	0.01	137.44467859455347	0.0003
0.18	0.0082	140.71717094204283	0.0001
0.2	0.0062	143.9896632895322	0.0001
0.21	0.0067	147.26215563702155	0.0002
0.23	0.0086	150.5346479845109	0.0002
0.25	0.0085	153.8071403320003	0.0002
0.26	0.0122	157.07963267948966	0.0005
0.28	0.0132	160.35212502697902	0.0
0.29	0.0119	163.62461737446841	0.0001
0.31	0.011	166.89710972195778	0.0005
0.33	0.0127	170.16960206944714	0.0002
0.34	0.0143	173.4420944169365	0.0005
0.36	0.0146	176.71458676442586	0.0003
0.37	0.0135	179.98707911191525	0.0006
0.39	0.0138	183.2595714594046	0.0004
0.4	0.0168	186.53206380689397	0.0003
0.42	0.0153	189.80455615438333	0.0005
0.44	0.0153	193.0770485018727	0.0006
0.45	0.014	196.34954084936206	0.0012
0.47	0.0139	199.62203319685145	0.0012
0.48	0.0147	202.8945255443408	0.0019
0.5	0.0115	206.1670178918302	0.0029
