-0.5	0.0052	0.0	0.008
-0.48	0.0038	9.817477042468104	0.0172
-0.47	0.0034	19.634954084936208	0.0425
-0.45	0.0028	29.45243112740431	0.2237
-0.44	0.0027	39.269908169872416	0.039
-0.42	0.0021	49.087385212340514	0.344
-0.4	0.002	58.90486225480862	0.1539
-0.39	0.0022	68.72233929727672	0.065
-0.37	0.0029	78.53981633974483	0.073
-0.36	0.0037	88.35729338221293	0.005
-0.34	0.0048	98.17477042468103	0.0067
-0.33	0.005	107.99224746714913	0.0016
-0.31	0.0092	117.80972450961724	0.0017
-0.29	0.0081	127.62720155208535	0.0006
-0.28	0.0118	137.44467859455344	0.0012
-0.26	0.0135	147.26215563702155	0.0008
-0.25	0.0162	157.07963267948966	0.0005
-0.23	0.0204	166.89710972195778	0.0007
-0.21	0.0195	176.71458676442586	0.0003
-0.2	0.0181	186.53206380689394	0.0005
-0.18	0.0206	196.34954084936206	0.0005
-0.17	0.0246	206.16701789183017	0.0007
-0.15	0.0251	215.98449493429825	0.0005
-0.13	0.0263	225.80197197676637	0.0002
-0.12	0.0266	235.61944901923448	0.0002
-0.1	0.029	245.4369260617026	0.0001
-0.09	0.0279	255.2544031041707	0.0002
-0.07	0.0303	265.07188014663876	0.0002
-0.06	0.0342	274.8893571891069	0.0
-0.04	0.0317	284.706834231575	0.0002
-0.02	0.0335	294.5243112740431	0.0
-0.01	0.0349	304.3417883165112	0.0
0.01	0.0329	314.1592653589793	0.0001
0.02	0.0322	323.97674240144744	0.0
0.04	0.0297	333.79421944391555	0.0001
0.06	0.0312	343.6116964863836	0.0004
0.07	0.0305	353.4291735288517	0.0001
0.09	0.0286	363.24665057131983	0.0
0.1	0.0305	373.0641276137879	0.0002
0.12	0.0278	382.881604656256	0.0002
0.13	0.0272	392.6990816987241	0.0002
0.15	0.0219	402.5165587411922	0.0
0.17	0.0227	412.33403578366034	0.0
0.18	0.0242	422.15151282612845	0.0001
0.2	0.0203	431.9689898685965	0.0003
0.21	0.0179	441.7864669110647	0.0001
0.23	0.0177	451.60394395353273	0.0
0.25	0.0191	461.4214209960009	0.0002
0.26	0.0121	471.23889803846896	0.0002
0.28	0.0124	481.056375080937	0.0
0.29	0.0098	490.8738521234052	0.0
0.31	0.0083	500.69132916587324	0.0002
0.33	0.0053	510.5088062083414	0.0004
0.34	0.0055	520.3262832508095	0.0003
0.36	0.0025	530.1437602932775	0.0002
0.37	0.0023	539.9612373357457	0.0003
0.39	0.002	549.7787143782137	0.0006
0.4	0.0017	559.5961914206819	0.0004
0.42	0.0017	569.41366846315	0.0003
0.44	0.0028	579.2311455056181	0.0007
0.45	0.0051	589.0486225480862	0.001
0.47	0.0037	598.8660995905543	0.0014
0.48	0.0037	608.6835766330224	0.0014
0.5	0.0046	618.5010536754905	0.0019
