-0.5	0.0442	0.0	0.0498
-0.48	0.0432	1.9634954084936207	0.0419
-0.47	0.0443	3.9269908169872414	0.0989
-0.45	0.037	5.890486225480862	0.1901
-0.44	0.0342	7.853981633974483	0.0289
-0.42	0.0333	9.817477042468102	0.1746
-0.4	0.0358	11.780972450961723	0.1275
-0.39	0.0337	13.744467859455344	0.0548
-0.37	0.0246	15.707963267948966	0.1692
-0.36	0.0205	17.671458676442587	0.0158
-0.34	0.0169	19.634954084936204	0.0266
-0.33	0.016	21.598449493429825	0.0023
-0.31	0.0154	23.561944901923447	0.0018
-0.29	0.0105	25.52544031041707	0.0019
-0.28	0.008	27.48893571891069	0.0006
-0.26	0.0055	29.452431127404306	0.0006
-0.25	0.0023	31.41592653589793	0.0005
-0.23	0.0018	33.37942194439155	0.0006
-0.21	0.0008	35.34291735288517	0.0003
-0.2	0.0009	37.30641276137879	0.0004
-0.18	0.0008	39.26990816987241	0.0003
-0.17	0.0015	41.23340357836604	0.0
-0.15	0.0026	43.19689898685965	0.0001
-0.13	0.0031	45.16039439535327	0.0003
-0.12	0.0052	47.12388980384689	0.0001
-0.1	0.0052	49.087385212340514	0.0
-0.09	0.0062	51.05088062083414	0.0001
-0.07	0.0075	53.01437602932776	0.0002
-0.06	0.0118	54.97787143782138	0.0
-0.04	0.0098	56.941366846315	0.0001
-0.02	0.0097	58.90486225480861	0.0001
-0.01	0.008	60.868357663302234	0.0001
0.01	0.0072	62.83185307179586	0.0001
0.02	0.0093	64.79534848028948	0.0
0.04	0.0117	66.7588438887831	0.0
0.06	0.0103	68.72233929727672	0.0001
0.07	0.0073	70.68583470577035	0.0
0.09	0.0074	72.64933011426396	0.0001
0.1	0.0042	74.61282552275757	0.0003
0.12	0.0053	76.5763209312512	0.0001
0.13	0.004	78.53981633974482	0.0
0.15	0.0028	80.50331174823843	0.0
0.17	0.0018	82.46680715673207	0.0
0.18	0.0009	84.43030256522569	0.0001
0.2	0.0006	86.3937979737193	0.0
0.21	0.0005	88.35729338221293	0.0004
0.23	0.0018	90.32078879070654	0.0001
0.25	0.0037	92.28428419920017	0.0002
0.26	0.0054	94.24777960769379	0.0002
0.28	0.0073	96.2112750161874	0.0002
0.29	0.0104	98.17477042468103	0.0002
0.31	0.0148	100.13826583317464	0.0002
0.33	0.0171	102.10176124166829	0.0002
0.34	0.0164	104.0652566501619	0.0002
0.36	0.0184	106.02875205865551	0.0003
0.37	0.0232	107.99224746714914	0.0004
0.39	0.0314	109.95574287564276	0.0002
0.4	0.037	111.91923828413637	0.0001
0.42	0.0345	113.88273369263	0.0004
0.44	0.0357	115.84622910112361	0.0004
0.45	0.0392	117.80972450961723	0.0009
0.47	0.0404	119.77321991811085	0.0015
0.48	0.045	121.73671532660447	0.0019
0.5	0.0447	123.70021073509811	0.0027
