-0.5	0.0132	0.0	0.0176
-0.48	0.0129	3.272492347489368	0.0283
-0.47	0.0129	6.544984694978736	0.0668
-0.45	0.0162	9.817477042468104	0.2255
-0.44	0.0149	13.089969389957473	0.035
-0.42	0.0135	16.36246173744684	0.2715
-0.4	0.0156	19.634954084936208	0.147
-0.39	0.0149	22.907446432425576	0.0661
-0.37	0.0189	26.179938779914945	0.1008
-0.36	0.0131	29.45243112740431	0.0081
-0.34	0.0155	32.72492347489368	0.0113
-0.33	0.0142	35.99741582238305	0.0016
-0.31	0.0146	39.269908169872416	0.0012
-0.29	0.0134	42.542400517361784	0.0005
-0.28	0.0105	45.81489286485115	0.0011
-0.26	0.0097	49.087385212340514	0.0006
-0.25	0.0083	52.35987755982989	0.0005
-0.23	0.008	55.63236990731926	0.0003
-0.21	0.009	58.90486225480862	0.0002
-0.2	0.0058	62.17735460229799	0.0005
-0.18	0.009	65.44984694978736	0.0003
-0.17	0.0091	68.72233929727673	0.0001
-0.15	0.0101	71.9948316447661	0.0003
-0.13	0.0128	75.26732399225546	0.0004
-0.12	0.0134	78.53981633974483	0.0004
-0.1	0.0189	81.81230868723421	0.0002
-0.09	0.0244	85.08480103472357	0.0001
-0.07	0.0237	88.35729338221293	0.0007
-0.06	0.0278	91.6297857297023	0.0001
-0.04	0.03	94.90227807719167	0.0001
-0.02	0.0331	98.17477042468103	0.0001
-0.01	0.0298	101.4472627721704	0.0001
0.01	0.0353	104.71975511965978	0.0004
0.02	0.0301	107.99224746714914	0.0003
0.04	0.0325	111.26473981463852	0.0003
0.06	0.0274	114.53723216212788	0.0
0.07	0.0235	117.80972450961724	0.0001
0.09	0.0225	121.08221685710662	0.0002
0.1	0.0204	124.35470920459598	0.0001
0.12	0.0161	127.62720155208535	0.0
0.13	0.013	130.89969389957471	0.0
0.15	0.0118	134.17218624706408	0.0002
0.17	0.0088	137.44467859455347	0.0
0.18	0.0084	140.71717094204283	0.0
0.2	0.0068	143.9896632895322	0.0001
0.21	0.008	147.26215563702155	0.0004
0.23	0.0089	150.5346479845109	0.0001
0.25	0.0088	153.8071403320003	0.0001
0.26	0.0091	157.07963267948966	0.0001
0.28	0.0122	160.35212502697902	0.0001
0.29	0.0113	163.62461737446841	0.0003
0.31	0.0141	166.89710972195778	0.0006
0.33	0.0165	170.16960206944714	0.0001
0.34	0.0145	173.4420944169365	0.0004
0.36	0.0151	176.71458676442586	0.0002
0.37	0.014	179.98707911191525	0.0003
0.39	0.0168	183.2595714594046	0.0004
0.4	0.0142	186.53206380689397	0.0006
0.42	0.0146	189.80455615438333	0.0006
0.44	0.0132	193.0770485018727	0.0005
0.45	0.0138	196.34954084936206	0.0005
0.47	0.0129	199.62203319685145	0.0013
0.48	0.0131	202.8945255443408	0.0018
0.5	0.0151	206.1670178918302	0.0025
