-0.5	0.0491	0.0	0.0552
-0.48	0.0476	1.9634954084936207	0.0491
-0.47	0.0448	3.9269908169872414	0.1055
-0.45	0.0447	5.890486225480862	0.1883
-0.44	0.0397	7.853981633974483	0.0274
-0.42	0.0364	9.817477042468102	0.1451
-0.4	0.0351	11.780972450961723	0.1202
-0.39	0.0308	13.744467859455344	0.054
-0.37	0.0247	15.707963267948966	0.1862
-0.36	0.0204	17.671458676442587	0.0151
-0.34	0.0173	19.634954084936204	0.0292
-0.33	0.0162	21.598449493429825	0.0027
-0.31	0.0119	23.561944901923447	0.002
-0.29	0.0096	25.52544031041707	0.0009
-0.28	0.0066	27.48893571891069	0.0005
-0.26	0.0036	29.452431127404306	0.0006
-0.25	0.0031	31.41592653589793	0.0004
-0.23	0.0027	33.37942194439155	0.0005
-0.21	0.0008	35.34291735288517	0.0002
-0.2	0.0007	37.30641276137879	0.0001
-0.18	0.0003	39.26990816987241	0.0
-0.17	0.001	41.23340357836604	0.0005
-0.15	0.0013	43.19689898685965	0.0003
-0.13	0.0013	45.16039439535327	0.0004
-0.12	0.0025	47.12388980384689	0.0004
-0.1	0.0031	49.087385212340514	0.0003
-0.09	0.0042	51.05088062083414	0.0004
-0.07	0.0054	53.01437602932776	0.0001
-0.06	0.007	54.97787143782138	0.0003
-0.04	0.0055	56.941366846315	0.0001
-0.02	0.0092	58.90486225480861	0.0001
-0.01	0.0071	60.868357663302234	0.0001
0.01	0.0065	62.83185307179586	0.0001
0.02	0.0074	64.79534848028948	0.0001
0.04	0.0074	66.7588438887831	0.0001
0.06	0.0062	68.72233929727672	0.0003
0.07	0.005	70.68583470577035	0.0002
0.09	0.0034	72.64933011426396	0.0
0.1	0.0026	74.61282552275757	0.0
0.12	0.0025	76.5763209312512	0.0003
0.13	0.0016	78.53981633974482	0.0
0.15	0.001	80.50331174823843	0.0003
0.17	0.0009	82.46680715673207	0.0
0.18	0.0008	84.43030256522569	0.0002
0.2	0.0005	86.3937979737193	0.0004
0.21	0.0011	88.35729338221293	0.0002
0.23	0.0015	90.32078879070654	0.0
0.25	0.0034	92.28428419920017	0.0002
0.26	0.0056	94.24777960769379	0.0001
0.28	0.0072	96.2112750161874	0.0003
0.29	0.0109	98.17477042468103	0.0002
0.31	0.0151	100.13826583317464	0.0003
0.33	0.0158	102.10176124166829	0.0005
0.34	0.0176	104.0652566501619	0.0002
0.36	0.0204	106.02875205865551	0.0006
0.37	0.0246	107.99224746714914	0.0006
0.39	0.03	109.95574287564276	0.0003
0.4	0.0338	111.91923828413637	0.0004
0.42	0.0384	113.88273369263	0.0003
0.44	0.0423	115.84622910112361	0.0005
0.45	0.0453	117.80972450961723	0.0006
0.47	0.0443	119.77321991811085	0.0012
0.48	0.0511	121.73671532660447	0.0022
0.5	0.0521	123.70021073509811	0.0031
