-0.5	0.0049	0.0	0.0088
-0.48	0.0042	9.817477042468104	0.0207
-0.47	0.0026	19.634954084936208	0.0469
-0.45	0.0038	29.45243112740431	0.2225
-0.44	0.0023	39.269908169872416	0.0372
-0.42	0.0022	49.087385212340514	0.3405
-0.4	0.0019	58.90486225480862	0.1492
-0.39	0.0017	68.72233929727672	0.0636
-0.37	0.0017	78.53981633974483	0.0789
-0.36	0.0031	88.35729338221293	0.0064
-0.34	0.0042	98.17477042468103	0.0049
-0.33	0.004	107.99224746714913	0.0024
-0.31	0.0081	117.80972450961724	0.0008
-0.29	0.0096	127.62720155208535	0.0015
-0.28	0.0111	137.44467859455344	0.0011
-0.26	0.0138	147.26215563702155	0.0005
-0.25	0.0169	157.07963267948966	0.0007
-0.23	0.0186	166.89710972195778	0.0005
-0.21	0.0179	176.71458676442586	0.0004
-0.2	0.0207	186.53206380689394	0.0001
-0.18	0.0246	196.34954084936206	0.0006
-0.17	0.0257	206.16701789183017	0.0002
-0.15	0.0245	215.98449493429825	0.0001
-0.13	0.0273	225.80197197676637	0.0004
-0.12	0.027	235.61944901923448	0.0
-0.1	0.0271	245.4369260617026	0.0001
-0.09	0.0277	255.2544031041707	0.0001
-0.07	0.0291	265.07188014663876	0.0001
-0.06	0.0345	274.8893571891069	0.0002
-0.04	0.0291	284.706834231575	0.0003
-0.02	0.0307	294.5243112740431	0.0003
-0.01	0.0347	304.3417883165112	0.0001
0.01	0.0329	314.1592653589793	0.0
0.02	0.033	323.97674240144744	0.0
0.04	0.034	333.79421944391555	0.0002
0.06	0.0316	343.6116964863836	0.0001
0.07	0.0305	353.4291735288517	0.0001
0.09	0.0296	363.24665057131983	0.0002
0.1	0.0283	373.0641276137879	0.0001
0.12	0.0307	382.881604656256	0.0
0.13	0.0239	392.6990816987241	0.0
0.15	0.0231	402.5165587411922	0.0001
0.17	0.0251	412.33403578366034	0.0
0.18	0.0238	422.15151282612845	0.0001
0.2	0.0196	431.9689898685965	0.0
0.21	0.0214	441.7864669110647	0.0
0.23	0.0183	451.60394395353273	0.0002
0.25	0.0176	461.4214209960009	0.0
0.26	0.0122	471.23889803846896	0.0001
0.28	0.0132	481.056375080937	0.0001
0.29	0.0082	490.8738521234052	0.0003
0.31	0.0067	500.69132916587324	0.0002
0.33	0.0049	510.5088062083414	0.0004
0.34	0.0049	520.3262832508095	0.0002
0.36	0.0033	530.1437602932775	0.0001
0.37	0.0023	539.9612373357457	0.0002
0.39	0.0022	549.7787143782137	0.0006
0.4	0.0011	559.5961914206819	0.0003
0.42	0.0019	569.41366846315	0.0002
0.44	0.0028	579.2311455056181	0.0007
0.45	0.0046	589.0486225480862	0.001
0.47	0.0037	598.8660995905543	0.0007
0.48	0.0033	608.6835766330224	0.0013
0.5	0.006	618.5010536754905	0.0024
