-0.5	0.1149	0.0	0.3013
-0.43	0.0939	5.609986881410344	0.5294
-0.37	0.074	11.219973762820688	0.0956
-0.3	0.0571	16.829960644231033	0.015
-0.23	0.0601	22.439947525641376	0.0064
-0.17	0.042	28.049934407051722	0.0033
-0.1	0.0304	33.659921288462066	0.003
-0.03	0.0218	39.26990816987241	0.0025
0.03	0.0236	44.87989505128275	0.0021
0.1	0.03	50.4898819326931	0.002
0.17	0.0452	56.099868814103445	0.0019
0.23	0.059	61.70985569551378	0.0025
0.3	0.0611	67.31984257692413	0.0039
0.37	0.0652	72.92982945833448	0.0041
0.43	0.099	78.53981633974482	0.0092
0.5	0.1227	84.14980322115515	0.0178
