-0.5	0.0309	0.0	0.0411
-0.48	0.0365	2.454369260617026	0.0375
-0.47	0.0346	4.908738521234052	0.0832
-0.45	0.0288	7.3631077818510775	0.2027
-0.44	0.0232	9.817477042468104	0.0305
-0.42	0.0274	12.271846303085129	0.2092
-0.4	0.0282	14.726215563702155	0.1287
-0.39	0.0221	17.18058482431918	0.0585
-0.37	0.0218	19.634954084936208	0.1482
-0.36	0.0196	22.089323345553233	0.012
-0.34	0.0155	24.543692606170257	0.0243
-0.33	0.0152	26.998061866787282	0.0031
-0.31	0.0166	29.45243112740431	0.0014
-0.29	0.0167	31.906800388021338	0.0012
-0.28	0.0121	34.36116964863836	0.0007
-0.26	0.0147	36.81553890925539	0.0008
-0.25	0.0141	39.269908169872416	0.0005
-0.23	0.0085	41.724277430489444	0.0003
-0.21	0.0088	44.178646691106465	0.0004
-0.2	0.01	46.633015951723486	0.0003
-0.18	0.01	49.087385212340514	0.0005
-0.17	0.0103	51.54175447295754	0.0002
-0.15	0.0101	53.996123733574564	0.0002
-0.13	0.0086	56.45049299419159	0.0
-0.12	0.0082	58.90486225480862	0.0005
-0.1	0.006	61.35923151542565	0.0001
-0.09	0.0067	63.813600776042676	0.0004
-0.07	0.0054	66.26797003665969	0.0
-0.06	0.0071	68.72233929727672	0.0
-0.04	0.0068	71.17670855789375	0.0
-0.02	0.0056	73.63107781851078	0.0001
-0.01	0.006	76.0854470791278	0.0001
0.01	0.0052	78.53981633974483	0.0001
0.02	0.0066	80.99418560036186	0.0004
0.04	0.0066	83.44855486097889	0.0001
0.06	0.007	85.9029241215959	0.0003
0.07	0.0087	88.35729338221293	0.0001
0.09	0.0075	90.81166264282996	0.0003
0.1	0.0076	93.26603190344697	0.0001
0.12	0.0078	95.720401164064	0.0002
0.13	0.0085	98.17477042468103	0.0
0.15	0.0095	100.62913968529806	0.0003
0.17	0.0089	103.08350894591509	0.0001
0.18	0.0099	105.53787820653211	0.0001
0.2	0.0081	107.99224746714913	0.0002
0.21	0.0086	110.44661672776617	0.0001
0.23	0.0116	112.90098598838318	0.0005
0.25	0.0161	115.35535524900023	0.0002
0.26	0.0157	117.80972450961724	0.0001
0.28	0.0131	120.26409377023425	0.0004
0.29	0.015	122.7184630308513	0.0002
0.31	0.018	125.17283229146831	0.0001
0.33	0.019	127.62720155208535	0.0
0.34	0.0182	130.08157081270238	0.0004
0.36	0.0213	132.53594007331938	0.0004
0.37	0.0203	134.99030933393644	0.0002
0.39	0.024	137.44467859455344	0.0007
0.4	0.0238	139.89904785517047	0.0005
0.42	0.0281	142.3534171157875	0.0004
0.44	0.0257	144.80778637640452	0.0009
0.45	0.0273	147.26215563702155	0.0008
0.47	0.0325	149.71652489763858	0.0012
0.48	0.0332	152.1708941582556	0.0017
0.5	0.0305	154.62526341887263	0.0022
