-0.5	0.0237	0.0	0.1907
-0.43	0.0125	39.269908169872416	0.698
-0.37	0.0141	78.53981633974483	0.0437
-0.3	0.0403	117.80972450961724	0.0104
-0.23	0.0792	157.07963267948966	0.0045
-0.17	0.0958	196.34954084936206	0.0036
-0.1	0.1147	235.61944901923448	0.0037
-0.03	0.118	274.8893571891069	0.002
0.03	0.1176	314.1592653589793	0.0016
0.1	0.117	353.4291735288517	0.0019
0.17	0.0985	392.6990816987241	0.0027
0.23	0.0791	431.9689898685965	0.0027
0.3	0.0383	471.23889803846896	0.0028
0.37	0.0154	510.5088062083414	0.0044
0.43	0.0119	549.7787143782137	0.007
0.5	0.0239	589.0486225480862	0.0203
