-0.5	0.0	0.0	0.006
-0.48	0.0016	1.227184630308513	0.0289
-0.47	0.0141	2.454369260617026	0.0652
-0.45	0.0177	3.6815538909255388	0.1756
-0.44	0.0033	4.908738521234052	0.0365
-0.42	0.0081	6.135923151542564	0.3813
-0.4	0.0071	7.3631077818510775	0.1239
-0.39	0.0554	8.59029241215959	0.0553
-0.37	0.0624	9.817477042468104	0.1037
-0.36	0.0123	11.044661672776616	0.003
-0.34	0.0021	12.271846303085129	0.002
-0.33	0.0034	13.499030933393641	0.0012
-0.31	0.0345	14.726215563702155	0.0009
-0.29	0.0398	15.953400194010669	0.0008
-0.28	0.0193	17.18058482431918	0.0006
-0.26	0.0118	18.407769454627694	0.0007
-0.25	0.0119	19.634954084936208	0.0003
-0.23	0.0065	20.862138715244722	0.0006
-0.21	0.0047	22.089323345553233	0.0003
-0.2	0.008	23.316507975861743	0.0003
-0.18	0.0253	24.543692606170257	0.0001
-0.17	0.038	25.77087723647877	0.0002
-0.15	0.0101	26.998061866787282	0.0001
-0.13	0.0222	28.225246497095796	0.0002
-0.12	0.0246	29.45243112740431	0.0
-0.1	0.004	30.679615757712824	0.0001
-0.09	0.0187	31.906800388021338	0.0
-0.07	0.0066	33.133985018329845	0.0001
-0.06	0.0068	34.36116964863836	0.0001
-0.04	0.0095	35.58835427894687	0.0001
-0.02	0.0013	36.81553890925539	0.0
-0.01	0.0	38.0427235395639	0.0001
0.01	0.0001	39.269908169872416	0.0001
0.02	0.0008	40.49709280018093	0.0001
0.04	0.01	41.724277430489444	0.0001
0.06	0.0073	42.95146206079795	0.0001
0.07	0.0069	44.178646691106465	0.0001
0.09	0.0194	45.40583132141498	0.0
0.1	0.0045	46.633015951723486	0.0003
0.12	0.0271	47.860200582032	0.0001
0.13	0.0205	49.087385212340514	0.0001
0.15	0.0104	50.31456984264903	0.0
0.17	0.0377	51.54175447295754	0.0
0.18	0.0243	52.76893910326606	0.0002
0.2	0.0093	53.996123733574564	0.0002
0.21	0.0039	55.223308363883085	0.0
0.23	0.0066	56.45049299419159	0.0
0.25	0.0134	57.67767762450011	0.0
0.26	0.0103	58.90486225480862	0.0001
0.28	0.0198	60.13204688511713	0.0
0.29	0.0409	61.35923151542565	0.0004
0.31	0.0313	62.586416145734155	0.0003
0.33	0.0053	63.813600776042676	0.0002
0.34	0.0029	65.04078540635119	0.0002
0.36	0.012	66.26797003665969	0.0002
0.37	0.0649	67.49515466696822	0.0003
0.39	0.06	68.72233929727672	0.0
0.4	0.0082	69.94952392758523	0.0005
0.42	0.0091	71.17670855789375	0.0004
0.44	0.0058	72.40389318820226	0.0009
0.45	0.0184	73.63107781851078	0.0014
0.47	0.0155	74.85826244881929	0.0008
0.48	0.0023	76.0854470791278	0.0022
0.5	0.0	77.31263170943632	0.0025
