-0.5	0.0042	0.0	0.0302
-0.47	0.0183	1.9634954084936207	0.2616
-0.44	0.026	3.9269908169872414	0.3633
-0.4	0.0413	5.890486225480862	0.2562
-0.37	0.0892	7.853981633974483	0.0316
-0.34	0.1067	9.817477042468102	0.0085
-0.31	0.0662	11.780972450961723	0.0055
-0.27	0.0509	13.744467859455344	0.0033
-0.24	0.0607	15.707963267948966	0.0025
-0.21	0.0371	17.671458676442587	0.001
-0.18	0.0036	19.634954084936204	0.0014
-0.15	0.0006	21.598449493429825	0.0013
-0.11	0.0008	23.561944901923447	0.0013
-0.08	0.0005	25.52544031041707	0.0009
-0.05	0.0042	27.48893571891069	0.0009
-0.02	0.0016	29.452431127404306	0.0004
0.02	0.0023	31.41592653589793	0.0007
0.05	0.0033	33.37942194439155	0.0011
0.08	0.0004	35.34291735288517	0.0008
0.11	0.0014	37.30641276137879	0.0004
0.15	0.0005	39.26990816987241	0.0003
0.18	0.0043	41.23340357836604	0.0006
0.21	0.0369	43.19689898685965	0.0006
0.24	0.0587	45.16039439535327	0.0006
0.27	0.0465	47.12388980384689	0.0012
0.31	0.0653	49.087385212340514	0.001
0.34	0.1035	51.05088062083414	0.001
0.37	0.0879	53.01437602932776	0.0012
0.4	0.0357	54.97787143782138	0.003
0.44	0.0204	56.941366846315	0.0041
0.47	0.0175	58.90486225480861	0.0055
0.5	0.0035	60.868357663302234	0.008
