-0.5	0.0907	0.0	0.1048
-0.47	0.0834	196.34954084936206	0.2485
-0.44	0.0671	392.6990816987241	0.2377
-0.4	0.0575	589.0486225480862	0.2528
-0.37	0.0483	785.3981633974482	0.1116
-0.34	0.0412	981.7477042468104	0.0058
-0.31	0.0288	1178.0972450961724	0.0034
-0.27	0.0207	1374.4467859455344	0.0021
-0.24	0.0186	1570.7963267948965	0.0016
-0.21	0.0114	1767.1458676442585	0.0013
-0.18	0.0095	1963.4954084936207	0.0013
-0.15	0.0089	2159.8449493429825	0.0009
-0.11	0.0064	2356.194490192345	0.0014
-0.08	0.0058	2552.544031041707	0.0007
-0.05	0.0035	2748.893571891069	0.0005
-0.02	0.004	2945.2431127404307	0.0006
0.02	0.0035	3141.592653589793	0.0007
0.05	0.003	3337.942194439155	0.0001
0.08	0.0027	3534.291735288517	0.0003
0.11	0.0061	3730.6412761378792	0.0008
0.15	0.0078	3926.9908169872415	0.0012
0.18	0.0089	4123.340357836603	0.0006
0.21	0.0141	4319.689898685965	0.0009
0.24	0.0168	4516.039439535327	0.0009
0.27	0.0207	4712.38898038469	0.0013
0.31	0.0309	4908.738521234052	0.0005
0.34	0.0389	5105.088062083414	0.0007
0.37	0.0453	5301.437602932776	0.0014
0.4	0.0603	5497.787143782138	0.0019
0.44	0.0686	5694.1366846315	0.0033
0.47	0.0812	5890.486225480861	0.0041
0.5	0.0854	6086.835766330224	0.0063
