0.0	0.0613
0.19174759848570513	0.0463
0.38349519697141027	0.1113
0.5752427954571154	0.1801
0.7669903939428205	0.0236
0.9587379924285258	0.1375
1.1504855909142309	0.1172
1.342233189399936	0.0551
1.533980787885641	0.1901
1.7257283863713462	0.0161
1.9174759848570515	0.0347
2.1092235833427564	0.0045
2.3009711818284617	0.0015
2.492718780314167	0.0008
2.684466378799872	0.0005
2.876213977285577	0.0007
3.067961575771282	0.0009
3.2597091742569875	0.0003
3.4514567727426924	0.0005
3.6432043712283977	0.0004
3.834951969714103	0.0005
4.026699568199808	0.0003
4.218447166685513	0.0
4.410194765171218	0.0001
4.601942363656923	0.0001
4.793689962142629	0.0003
4.985437560628334	0.0
5.177185159114039	0.0
5.368932757599744	0.0002
5.56068035608545	0.0003
5.752427954571154	0.0
5.944175553056859	0.0001
6.135923151542564	0.0002
6.32767075002827	0.0004
6.519418348513975	0.0001
6.71116594699968	0.0
6.902913545485385	0.0002
7.0946611439710905	0.0001
7.286408742456795	0.0003
7.4781563409425	0.0
7.669903939428206	0.0004
7.86165153791391	0.0001
8.053399136399616	0.0002
8.24514673488532	0.0002
8.436894333371026	0.0
8.628641931856732	0.0002
8.820389530342435	0.0002
9.012137128828142	0.0002
9.203884727313847	0.0001
9.395632325799552	0.0003
9.587379924285258	0.0004
9.779127522770962	0.0001
9.970875121256668	0.0003
10.162622719742373	0.0001
10.354370318228078	0.0003
10.546117916713783	0.0004
10.737865515199488	0.0005
10.929613113685193	0.0006
11.1213607121709	0.0011
11.313108310656602	0.0006
11.504855909142307	0.001
11.696603507628014	0.0014
11.888351106113719	0.0014
12.080098704599425	0.0033
