0.0	0.0124
0.047936899621426284	0.0253
0.09587379924285257	0.0546
0.14381069886427886	0.221
0.19174759848570513	0.036
0.23968449810713144	0.3087
0.2876213977285577	0.1478
0.335558297349984	0.0644
0.38349519697141027	0.0933
0.43143209659283654	0.0071
0.4793689962142629	0.0085
0.5273058958356891	0.0019
0.5752427954571154	0.0016
0.6231796950785418	0.001
0.671116594699968	0.0008
0.7190534943213942	0.0009
0.7669903939428205	0.0005
0.8149272935642469	0.0002
0.8628641931856731	0.0001
0.9108010928070994	0.0003
0.9587379924285258	0.0002
1.006674892049952	0.0001
1.0546117916713782	0.0003
1.1025486912928044	0.0004
1.1504855909142309	0.0001
1.1984224905356573	0.0003
1.2463593901570835	0.0001
1.2942962897785097	0.0002
1.342233189399936	0.0001
1.3901700890213624	0.0002
1.4381069886427884	0.0002
1.4860438882642149	0.0002
1.533980787885641	0.0002
1.5819176875070675	0.0
1.6298545871284937	0.0002
1.67779148674992	0.0002
1.7257283863713462	0.0002
1.7736652859927726	0.0002
1.8216021856141988	0.0001
1.869539085235625	0.0001
1.9174759848570515	0.0
1.9654128844784775	0.0002
2.013349784099904	0.0
2.06128668372133	0.0002
2.1092235833427564	0.0001
2.157160482964183	0.0002
2.205097382585609	0.0002
2.2530342822070355	0.0002
2.3009711818284617	0.0001
2.348908081449888	0.0003
2.3968449810713146	0.0001
2.4447818806927404	0.0001
2.492718780314167	0.0001
2.5406556799355933	0.0004
2.5885925795570195	0.0004
2.6365294791784457	0.0003
2.684466378799872	0.0002
2.732403278421298	0.0002
2.780340178042725	0.0004
2.8282770776641506	0.0006
2.876213977285577	0.0011
2.9241508769070035	0.0011
2.9720877765284297	0.0009
3.0200246761498564	0.0026
