-0.5	0.0485	0.0				0.0548
-0.48	0.0493	1.9634954084936207	0.0438
-0.47	0.0469	3.9269908169872414	0.1018
-0.45	0.0393	5.890486225480862		0.193
-0.44	0.0347	7.853981633974483		0.0247
-0.42	0.0351	9.817477042468102		0.1613
-0.4	0.0356	11.780972450961723	0.1306
-0.39	0.0298	13.744467859455344	0.0497
-0.37	0.0246	15.707963267948966	0.1681
-0.36	0.0199	17.671458676442587	0.0179
-0.34	0.0175	19.634954084936204	0.0285
-0.33	0.0169	21.598449493429825	0.0036
-0.31	0.0114	23.561944901923447	0.0025
-0.29	0.0091	25.52544031041707		0.001
-0.28	0.0081	27.48893571891069		0.0015
-0.26	0.0034	29.452431127404306	0.0008
-0.25	0.0036	31.41592653589793		0.0005
-0.23	0.0021	33.37942194439155		0.0006
-0.21	0.0017	35.34291735288517		0.0003
-0.2	0.0004	37.30641276137879		0.0001
-0.18	0.0007	39.26990816987241		0.0003
-0.17	0.0013	41.23340357836604		0.0001
-0.15	0.0021	43.19689898685965		0.0
-0.13	0.0024	45.16039439535327		0.0003
-0.12	0.003		47.12388980384689		0.0002
-0.1	0.0034	49.087385212340514	0.0001
-0.09	0.005		51.05088062083414		0.0004
-0.07	0.0054	53.01437602932776		0.0
-0.06	0.0101	54.97787143782138		0.0
-0.04	0.0087	56.941366846315		0.0
-0.02	0.008		58.90486225480861		0.0001
-0.01	0.0067	60.868357663302234	0.0
0.01	0.0071	62.83185307179586		0.0001
0.02	0.0094	64.79534848028948		0.0
0.04	0.0089	66.7588438887831		0.0001
0.06	0.0073	68.72233929727672		0.0001
0.07	0.0052	70.68583470577035		0.0003
0.09	0.0055	72.64933011426396		0.0002
0.1	0.0035	74.61282552275757		0.0002
0.12	0.0053	76.5763209312512		0.0
0.13	0.0035	78.53981633974482		0.0004
0.15	0.0023	80.50331174823843		0.0003
0.17	0.0011	82.46680715673207		0.0003
0.18	0.0006	84.43030256522569		0.0
0.2	0.0005	86.3937979737193		0.0003
0.21	0.0016	88.35729338221293		0.0
0.23	0.0012	90.32078879070654		0.0001
0.25	0.0038	92.28428419920017		0.0002
0.26	0.0043	94.24777960769379		0.0
0.28	0.0059	96.2112750161874		0.0002
0.29	0.0098	98.17477042468103		0.0001
0.31	0.0139	100.13826583317464	0.0003
0.33	0.017		102.10176124166829	0.0005
0.34	0.0185	104.0652566501619		0.0004
0.36	0.0217	106.02875205865551	0.0004
0.37	0.0235	107.99224746714914	0.0003
0.39	0.0291	109.95574287564276	0.0002
0.4	0.0372	111.91923828413637	0.0007
0.42	0.0384	113.88273369263		0.0006
0.44	0.0352	115.84622910112361	0.0006
0.45	0.0396	117.80972450961723	0.0011
0.47	0.0504	119.77321991811085	0.0009
0.48	0.0421	121.73671532660447	0.0022
0.5	0.0519	123.70021073509811	0.0023
