0.0	0.0586
0.38349519697141027	0.2273
0.7669903939428205	0.3799
1.1504855909142309	0.2252
1.533980787885641	0.0518
1.9174759848570515	0.0092
2.3009711818284617	0.0044
2.684466378799872	0.0041
3.067961575771282	0.0018
3.4514567727426924	0.0007
3.834951969714103	0.001
4.218447166685513	0.0008
4.601942363656923	0.0007
4.985437560628334	0.0004
5.368932757599744	0.0014
5.752427954571154	0.0013
6.135923151542564	0.0006
6.519418348513975	0.0006
6.902913545485385	0.0003
7.286408742456795	0.0006
7.669903939428206	0.0007
8.053399136399616	0.0007
8.436894333371026	0.0009
8.820389530342435	0.0009
9.203884727313847	0.0012
9.587379924285258	0.0014
9.970875121256668	0.0014
10.354370318228078	0.0019
10.737865515199488	0.0029
11.1213607121709	0.0031
11.504855909142307	0.0054
11.888351106113719	0.0088
