-0.5	0.0185	0.0	0.025
-0.48	0.0212	2.804993440705172	0.0274
-0.47	0.0189	5.609986881410344	0.0682
-0.45	0.0188	8.414980322115516	0.2161
-0.44	0.0187	11.219973762820688	0.0352
-0.42	0.0157	14.024967203525861	0.2556
-0.4	0.0164	16.829960644231033	0.1483
-0.39	0.0183	19.634954084936204	0.066
-0.37	0.0123	22.439947525641376	0.1138
-0.36	0.0165	25.24494096634655	0.0087
-0.34	0.0179	28.049934407051722	0.0122
-0.33	0.0161	30.85492784775689	0.0023
-0.31	0.0155	33.659921288462066	0.0016
-0.29	0.0161	36.46491472916724	0.0009
-0.28	0.0145	39.26990816987241	0.0007
-0.26	0.0142	42.07490161057758	0.0003
-0.25	0.0163	44.87989505128275	0.0005
-0.23	0.0172	47.68488849198793	0.0005
-0.21	0.0162	50.4898819326931	0.0002
-0.2	0.0123	53.29487537339827	0.0001
-0.18	0.0179	56.099868814103445	0.0005
-0.17	0.0145	58.90486225480862	0.0001
-0.15	0.0137	61.70985569551378	0.0002
-0.13	0.0121	64.51484913621896	0.0005
-0.12	0.0148	67.31984257692413	0.0
-0.1	0.0105	70.1248360176293	0.0002
-0.09	0.0108	72.92982945833448	0.0
-0.07	0.0118	75.73482289903964	0.0
-0.06	0.0159	78.53981633974482	0.0002
-0.04	0.0142	81.34480978044999	0.0001
-0.02	0.0167	84.14980322115515	0.0
-0.01	0.0169	86.95479666186033	0.0005
0.01	0.0174	89.7597901025655	0.0002
0.02	0.0155	92.56478354327068	0.0
0.04	0.0164	95.36977698397585	0.0002
0.06	0.0165	98.17477042468103	0.0002
0.07	0.0119	100.9797638653862	0.0002
0.09	0.0107	103.78475730609138	0.0001
0.1	0.013	106.58975074679654	0.0001
0.12	0.0139	109.39474418750171	0.0001
0.13	0.0135	112.19973762820689	0.0002
0.15	0.0133	115.00473106891205	0.0002
0.17	0.0153	117.80972450961724	0.0
0.18	0.0141	120.6147179503224	0.0001
0.2	0.0113	123.41971139102756	0.0001
0.21	0.0117	126.22470483173275	0.0005
0.23	0.018	129.0296982724379	0.0002
0.25	0.019	131.8346917131431	0.0
0.26	0.0163	134.63968515384826	0.0002
0.28	0.0156	137.44467859455344	0.0002
0.29	0.0142	140.2496720352586	0.0002
0.31	0.0163	143.0546654759638	0.0003
0.33	0.0154	145.85965891666896	0.0002
0.34	0.0147	148.66465235737414	0.0002
0.36	0.0141	151.46964579807928	0.0001
0.37	0.0164	154.2746392387845	0.0002
0.39	0.0173	157.07963267948963	0.0003
0.4	0.0172	159.8846261201948	0.0009
0.42	0.0156	162.68961956089998	0.0006
0.44	0.018	165.49461300160516	0.0009
0.45	0.0172	168.2996064423103	0.0012
0.47	0.0209	171.1045998830155	0.002
0.48	0.0203	173.90959332372066	0.0018
0.5	0.0176	176.71458676442586	0.0024
