-0.5	0.0462	0.0	0.0688
-0.47	0.0368	9.817477042468104	0.2307
-0.44	0.0336	19.634954084936208	0.3331
-0.4	0.0234	29.45243112740431	0.2397
-0.37	0.0165	39.269908169872416	0.0746
-0.34	0.0076	49.087385212340514	0.0091
-0.31	0.0076	58.90486225480862	0.0051
-0.27	0.0056	68.72233929727672	0.0034
-0.24	0.007	78.53981633974483	0.0015
-0.21	0.0137	88.35729338221293	0.0011
-0.18	0.0212	98.17477042468103	0.0016
-0.15	0.0332	107.99224746714913	0.0008
-0.11	0.0466	117.80972450961724	0.0013
-0.08	0.0586	127.62720155208535	0.001
-0.05	0.0694	137.44467859455344	0.0008
-0.02	0.071	147.26215563702155	0.0005
0.02	0.0743	157.07963267948966	0.0008
0.05	0.0684	166.89710972195778	0.0003
0.08	0.0588	176.71458676442586	0.0008
0.11	0.0401	186.53206380689394	0.0004
0.15	0.0335	196.34954084936206	0.0006
0.18	0.023	206.16701789183017	0.0008
0.21	0.015	215.98449493429825	0.0006
0.24	0.0075	225.80197197676637	0.0012
0.27	0.004	235.61944901923448	0.0008
0.31	0.0051	245.4369260617026	0.001
0.34	0.0098	255.2544031041707	0.001
0.37	0.0168	265.07188014663876	0.0016
0.4	0.0265	274.8893571891069	0.0015
0.44	0.0342	284.706834231575	0.0021
0.47	0.039	294.5243112740431	0.0051
0.5	0.046	304.3417883165112	0.0083
