-0.5	0.1042	0.0	0.1247
-0.47	0.0984	4.363323129985824	0.2576
-0.44	0.0787	8.726646259971648	0.1883
-0.4	0.0662	13.089969389957473	0.2589
-0.37	0.0501	17.453292519943297	0.1292
-0.34	0.0381	21.81661564992912	0.0067
-0.31	0.0212	26.179938779914945	0.0035
-0.27	0.0116	30.543261909900767	0.0021
-0.24	0.0044	34.90658503988659	0.002
-0.21	0.0027	39.269908169872416	0.0008
-0.18	0.0015	43.63323129985824	0.001
-0.15	0.0024	47.99655442984406	0.0005
-0.11	0.005	52.35987755982989	0.0007
-0.08	0.0071	56.72320068981572	0.0004
-0.05	0.0062	61.086523819801535	0.0006
-0.02	0.0074	65.44984694978736	0.0006
0.02	0.0072	69.81317007977319	0.0004
0.05	0.0049	74.17649320975902	0.0003
0.08	0.0056	78.53981633974483	0.0007
0.11	0.0043	82.90313946973065	0.0002
0.15	0.0027	87.26646259971648	0.001
0.18	0.0019	91.6297857297023	0.0006
0.21	0.0026	95.99310885968812	0.0003
0.24	0.0047	100.35643198967395	0.0005
0.27	0.0109	104.71975511965978	0.0009
0.31	0.0218	109.08307824964561	0.0003
0.34	0.0345	113.44640137963144	0.0009
0.37	0.0491	117.80972450961724	0.0018
0.4	0.0623	122.17304763960307	0.0014
0.44	0.0787	126.5363707695889	0.0033
0.47	0.0945	130.89969389957471	0.0038
0.5	0.1091	135.26301702956053	0.006
