-0.5	0.081	0.0	0.2579
-0.43	0.0477	19.634954084936208	0.5943
-0.37	0.0244	39.269908169872416	0.0778
-0.3	0.012	58.90486225480862	0.0128
-0.23	0.0143	78.53981633974483	0.0062
-0.17	0.048	98.17477042468103	0.0033
-0.1	0.1056	117.80972450961724	0.0027
-0.03	0.1619	137.44467859455344	0.0025
0.03	0.1629	157.07963267948966	0.0021
0.1	0.1131	176.71458676442586	0.0023
0.17	0.0488	196.34954084936206	0.0021
0.23	0.0176	215.98449493429825	0.0021
0.3	0.0118	235.61944901923448	0.0026
0.37	0.0221	255.2544031041707	0.0037
0.43	0.0528	274.8893571891069	0.0081
0.5	0.076	294.5243112740431	0.0195
