-0.5	0.049	0.0	0.2419
-0.43	0.0536	15.707963267948966	0.6174
-0.37	0.0529	31.41592653589793	0.0684
-0.3	0.0387	47.12388980384689	0.0135
-0.23	0.0322	62.83185307179586	0.0056
-0.17	0.049	78.53981633974482	0.0033
-0.1	0.0929	94.24777960769379	0.0021
-0.03	0.1343	109.95574287564276	0.0025
0.03	0.1373	125.66370614359172	0.0025
0.1	0.0903	141.3716694115407	0.0016
0.17	0.0432	157.07963267948963	0.0022
0.23	0.0285	172.7875959474386	0.0027
0.3	0.0395	188.49555921538757	0.0031
0.37	0.0516	204.20352248333657	0.0038
0.43	0.0543	219.9114857512855	0.0078
0.5	0.0527	235.61944901923445	0.0216
