-0.5	0.0533	0.0	0.0577
-0.48	0.0554	1.402496720352586	0.0473
-0.47	0.0498	2.804993440705172	0.1066
-0.45	0.0448	4.207490161057758	0.1768
-0.44	0.0418	5.609986881410344	0.026
-0.42	0.0422	7.012483601762931	0.1443
-0.4	0.0365	8.414980322115516	0.1197
-0.39	0.0317	9.817477042468102	0.0538
-0.37	0.0234	11.219973762820688	0.188
-0.36	0.0197	12.622470483173275	0.0169
-0.34	0.0172	14.024967203525861	0.0335
-0.33	0.0177	15.427463923878445	0.0045
-0.31	0.0151	16.829960644231033	0.0018
-0.29	0.0091	18.23245736458362	0.0016
-0.28	0.0059	19.634954084936204	0.0007
-0.26	0.0039	21.03745080528879	0.0008
-0.25	0.0026	22.439947525641376	0.0002
-0.23	0.0017	23.842444245993963	0.0005
-0.21	0.0005	25.24494096634655	0.0007
-0.2	0.0004	26.647437686699135	0.001
-0.18	0.0004	28.049934407051722	0.0001
-0.17	0.0003	29.45243112740431	0.0002
-0.15	0.0007	30.85492784775689	0.0003
-0.13	0.0006	32.25742456810948	0.0001
-0.12	0.0024	33.659921288462066	0.0002
-0.1	0.0021	35.06241800881465	0.0002
-0.09	0.0022	36.46491472916724	0.0001
-0.07	0.0031	37.86741144951982	0.0002
-0.06	0.003	39.26990816987241	0.0
-0.04	0.0039	40.672404890224996	0.0001
-0.02	0.0028	42.07490161057758	0.0001
-0.01	0.0075	43.477398330930164	0.0001
0.01	0.0053	44.87989505128275	0.0001
0.02	0.0026	46.28239177163534	0.0001
0.04	0.0032	47.68488849198793	0.0001
0.06	0.004	49.087385212340514	0.0002
0.07	0.0026	50.4898819326931	0.0002
0.09	0.002	51.89237865304569	0.0001
0.1	0.0026	53.29487537339827	0.0001
0.12	0.0024	54.69737209375086	0.0002
0.13	0.0012	56.099868814103445	0.0001
0.15	0.0004	57.502365534456025	0.0002
0.17	0.0003	58.90486225480862	0.0
0.18	0.0004	60.3073589751612	0.0004
0.2	0.0003	61.70985569551378	0.0002
0.21	0.0009	63.112352415866376	0.0002
0.23	0.0006	64.51484913621896	0.0002
0.25	0.0022	65.91734585657154	0.0007
0.26	0.0037	67.31984257692413	0.0001
0.28	0.0057	68.72233929727672	0.0
0.29	0.0104	70.1248360176293	0.0004
0.31	0.0167	71.5273327379819	0.0002
0.33	0.0159	72.92982945833448	0.0005
0.34	0.0207	74.33232617868707	0.0005
0.36	0.0217	75.73482289903964	0.0005
0.37	0.0247	77.13731961939224	0.0003
0.39	0.0313	78.53981633974482	0.0003
0.4	0.0353	79.9423130600974	0.0005
0.42	0.0402	81.34480978044999	0.0007
0.44	0.04	82.74730650080258	0.0007
0.45	0.0426	84.14980322115515	0.0015
0.47	0.0499	85.55229994150775	0.0014
0.48	0.055	86.95479666186033	0.0026
0.5	0.0535	88.35729338221293	0.0026
