-0.5	0.0353	0.0	0.0609
-0.47	0.0266	13.089969389957473	0.2115
-0.44	0.0208	26.179938779914945	0.3918
-0.4	0.0161	39.269908169872416	0.2159
-0.37	0.0095	52.35987755982989	0.0602
-0.34	0.0056	65.44984694978736	0.0089
-0.31	0.0132	78.53981633974483	0.0048
-0.27	0.0172	91.6297857297023	0.0031
-0.24	0.0228	104.71975511965978	0.003
-0.21	0.0414	117.80972450961724	0.0014
-0.18	0.0406	130.89969389957471	0.0015
-0.15	0.0495	143.9896632895322	0.0012
-0.11	0.0529	157.07963267948966	0.0016
-0.08	0.0502	170.16960206944714	0.0009
-0.05	0.0499	183.2595714594046	0.0008
-0.02	0.0455	196.34954084936206	0.0008
0.02	0.0473	209.43951023931956	0.0006
0.05	0.0526	222.52947962927703	0.0018
0.08	0.0549	235.61944901923448	0.0006
0.11	0.0516	248.70941840919195	0.0005
0.15	0.0495	261.79938779914943	0.0007
0.18	0.0469	274.88935718910693	0.0004
0.21	0.0378	287.9793265790644	0.0006
0.24	0.024	301.0692959690218	0.0008
0.27	0.0163	314.1592653589793	0.0007
0.31	0.0118	327.24923474893683	0.0017
0.34	0.0071	340.3392041388943	0.0011
0.37	0.0108	353.4291735288517	0.0022
0.4	0.0161	366.5191429188092	0.0019
0.44	0.0188	379.60911230876667	0.0032
0.47	0.0234	392.6990816987241	0.0055
0.5	0.034	405.7890510886816	0.0094
