-0.5	0.0009	0.0	0.0045
-0.48	0.0006	1.090830782496456	0.014
-0.47	0.0018	2.181661564992912	0.0335
-0.45	0.0009	3.272492347489368	0.1673
-0.44	0.0117	4.363323129985824	0.0446
-0.42	0.0283	5.45415391248228	0.4911
-0.4	0.0057	6.544984694978736	0.1128
-0.39	0.0083	7.635815477475192	0.0527
-0.37	0.013	8.726646259971648	0.0555
-0.36	0.0022	9.817477042468104	0.0031
-0.34	0.0194	10.90830782496456	0.0029
-0.33	0.0065	11.999138607461015	0.0015
-0.31	0.0099	13.089969389957473	0.0011
-0.29	0.0143	14.18080017245393	0.0005
-0.28	0.0075	15.271630954950384	0.0009
-0.26	0.0057	16.36246173744684	0.0005
-0.25	0.0163	17.453292519943297	0.0003
-0.23	0.015	18.544123302439754	0.0
-0.21	0.0067	19.634954084936208	0.0002
-0.2	0.0099	20.72578486743266	0.0005
-0.18	0.0553	21.81661564992912	0.0002
-0.17	0.0876	22.907446432425576	0.0002
-0.15	0.0366	23.99827721492203	0.0001
-0.13	0.0017	25.089107997418488	0.0002
-0.12	0.0006	26.179938779914945	0.0001
-0.1	0.0269	27.270769562411402	0.0001
-0.09	0.0713	28.36160034490786	0.0002
-0.07	0.0279	29.45243112740431	0.0002
-0.06	0.0001	30.543261909900767	0.0001
-0.04	0.0	31.634092692397225	0.0002
-0.02	0.0005	32.72492347489368	0.0001
-0.01	0.0011	33.81575425739013	0.0
0.01	0.0009	34.90658503988659	0.0001
0.02	0.0007	35.99741582238305	0.0001
0.04	0.0001	37.08824660487951	0.0002
0.06	0.0002	38.179077387375955	0.0001
0.07	0.0304	39.269908169872416	0.0001
0.09	0.065	40.36073895236887	0.0001
0.1	0.0305	41.45156973486532	0.0002
0.12	0.0003	42.542400517361784	0.0002
0.13	0.0012	43.63323129985824	0.0
0.15	0.0414	44.72406208235469	0.0002
0.17	0.0922	45.81489286485115	0.0001
0.18	0.0512	46.90572364734761	0.0002
0.2	0.009	47.99655442984406	0.0001
0.21	0.0075	49.08738521234052	0.0
0.23	0.0158	50.178215994836975	0.0002
0.25	0.0156	51.269046777333436	0.0001
0.26	0.0057	52.35987755982989	0.0001
0.28	0.0073	53.45070834232634	0.0003
0.29	0.0132	54.541539124822805	0.0002
0.31	0.0105	55.63236990731925	0.0003
0.33	0.0077	56.72320068981572	0.0
0.34	0.0246	57.814031472312166	0.0002
0.36	0.0022	58.90486225480862	0.0001
0.37	0.0107	59.99569303730508	0.0003
0.39	0.0087	61.086523819801535	0.0002
0.4	0.0064	62.17735460229799	0.0003
0.42	0.0304	63.26818538479445	0.0002
0.44	0.0122	64.3590161672909	0.0005
0.45	0.001	65.44984694978736	0.0006
0.47	0.0015	66.54067773228381	0.0012
0.48	0.0006	67.63150851478026	0.0016
0.5	0.0011	68.72233929727673	0.0027
