-0.5	0.0226	0.0	0.0257
-0.48	0.0231	3.9269908169872414	0.0288
-0.47	0.0192	7.853981633974483	0.0661
-0.45	0.0202	11.780972450961723	0.2162
-0.44	0.0147	15.707963267948966	0.0334
-0.42	0.0132	19.634954084936204	0.2672
-0.4	0.011	23.561944901923447	0.1359
-0.39	0.0101	27.48893571891069	0.0623
-0.37	0.0078	31.41592653589793	0.1175
-0.36	0.007	35.34291735288517	0.0103
-0.34	0.007	39.26990816987241	0.015
-0.33	0.0062	43.19689898685965	0.0027
-0.31	0.0043	47.12388980384689	0.0011
-0.29	0.0023	51.05088062083414	0.001
-0.28	0.0029	54.97787143782138	0.0009
-0.26	0.0027	58.90486225480861	0.001
-0.25	0.0026	62.83185307179586	0.0006
-0.23	0.0035	66.7588438887831	0.0004
-0.21	0.0041	70.68583470577035	0.0005
-0.2	0.0054	74.61282552275757	0.0
-0.18	0.0092	78.53981633974482	0.0003
-0.17	0.0123	82.46680715673207	0.0003
-0.15	0.0166	86.3937979737193	0.0002
-0.13	0.0192	90.32078879070654	0.0003
-0.12	0.025	94.24777960769379	0.0001
-0.1	0.0246	98.17477042468103	0.0001
-0.09	0.0297	102.10176124166829	0.0001
-0.07	0.0336	106.02875205865551	0.0006
-0.06	0.0365	109.95574287564276	0.0001
-0.04	0.0367	113.88273369263	0.0
-0.02	0.0372	117.80972450961723	0.0
-0.01	0.0343	121.73671532660447	0.0001
0.01	0.0366	125.66370614359172	0.0
0.02	0.033	129.59069696057895	0.0002
0.04	0.0344	133.5176877775662	0.0002
0.06	0.04	137.44467859455344	0.0003
0.07	0.0354	141.3716694115407	0.0002
0.09	0.0288	145.29866022852792	0.0001
0.1	0.0272	149.22565104551515	0.0
0.12	0.0227	153.1526418625024	0.0002
0.13	0.0209	157.07963267948963	0.0
0.15	0.0149	161.00662349647686	0.0001
0.17	0.0119	164.93361431346415	0.0003
0.18	0.0072	168.86060513045138	0.0
0.2	0.0045	172.7875959474386	0.0
0.21	0.0048	176.71458676442586	0.0002
0.23	0.003	180.6415775814131	0.0
0.25	0.0041	184.56856839840034	0.0002
0.26	0.0022	188.49555921538757	0.0001
0.28	0.0026	192.4225500323748	0.0001
0.29	0.0024	196.34954084936206	0.0003
0.31	0.0038	200.27653166634929	0.0001
0.33	0.0062	204.20352248333657	0.0002
0.34	0.0064	208.1305133003238	0.0001
0.36	0.0086	212.05750411731103	0.0001
0.37	0.0082	215.98449493429828	0.0006
0.39	0.01	219.9114857512855	0.0003
0.4	0.01	223.83847656827274	0.0003
0.42	0.0124	227.76546738526	0.0007
0.44	0.0167	231.69245820224722	0.0004
0.45	0.0175	235.61944901923445	0.0008
0.47	0.0187	239.5464398362217	0.0021
0.48	0.0196	243.47343065320894	0.001
0.5	0.0205	247.40042147019622	0.002
