-0.5	0.0828	0	0.1068
-0.47	0.0688	2.804993441	0.2417
-0.44	0.0693	5.609986881	0.2539
-0.4	0.0512	8.414980322	0.247
-0.37	0.0356	11.21997376	0.107
-0.34	0.0246	14.0249672	0.007
-0.31	0.0203	16.82996064	0.0038
-0.27	0.0164	19.63495408	0.0021
-0.24	0.0146	22.43994753	0.002
-0.21	0.0171	25.24494097	0.0009
-0.18	0.0184	28.04993441	0.0013
-0.15	0.0171	30.85492785	0.0014
-0.11	0.0189	33.65992129	0.0005
-0.08	0.017	36.46491473	0.0008
-0.05	0.0177	39.26990817	0.0004
-0.02	0.0116	42.07490161	0.0004
0.02	0.0115	44.87989505	0.0006
0.05	0.0133	47.68488849	0.0004
0.08	0.0147	50.48988193	0
0.11	0.0173	53.29487537	0.0008
0.15	0.0194	56.09986881	0.0003
0.18	0.0196	58.90486225	0.001
0.21	0.0181	61.7098557	0.0002
0.24	0.0143	64.51484914	0.0007
0.27	0.0159	67.31984258	0.0006
0.31	0.0177	70.12483602	0.001
0.34	0.0274	72.92982946	0.001
0.37	0.0369	75.7348229	0.0012
0.4	0.0528	78.53981634	0.0023
0.44	0.0613	81.34480978	0.0028
0.47	0.0718	84.14980322	0.0043
0.5	0.0866	86.95479666	0.0058
