-0.5	0.0989	0.0	0.1277
-0.47	0.0899	4.908738521234052	0.2581
-0.44	0.0787	9.817477042468104	0.2022
-0.4	0.0595	14.726215563702155	0.2474
-0.37	0.0428	19.634954084936208	0.1206
-0.34	0.0303	24.543692606170257	0.0077
-0.31	0.024	29.45243112740431	0.0035
-0.27	0.0139	34.36116964863836	0.0027
-0.24	0.0091	39.269908169872416	0.0024
-0.21	0.0083	44.178646691106465	0.0012
-0.18	0.0077	49.087385212340514	0.0009
-0.15	0.0093	53.996123733574564	0.0007
-0.11	0.0073	58.90486225480862	0.0005
-0.08	0.0056	63.813600776042676	0.0007
-0.05	0.0058	68.72233929727672	0.0008
-0.02	0.0051	73.63107781851078	0.0004
0.02	0.0059	78.53981633974483	0.0007
0.05	0.0054	83.44855486097889	0.0007
0.08	0.0068	88.35729338221293	0.0005
0.11	0.0063	93.26603190344697	0.0002
0.15	0.007	98.17477042468103	0.0008
0.18	0.0067	103.08350894591509	0.0004
0.21	0.008	107.99224746714913	0.0004
0.24	0.0099	112.90098598838318	0.0007
0.27	0.0138	117.80972450961724	0.0008
0.31	0.0235	122.7184630308513	0.0003
0.34	0.0334	127.62720155208535	0.0013
0.37	0.0429	132.53594007331938	0.0011
0.4	0.0614	137.44467859455344	0.0014
0.44	0.0803	142.3534171157875	0.0029
0.47	0.0921	147.26215563702155	0.0033
0.5	0.1004	152.1708941582556	0.007
