-0.5	0.0051	0.0	0.1616
-0.43	0.043	4.908738521234052	0.7399
-0.37	0.0635	9.817477042468104	0.0348
-0.3	0.0696	14.726215563702155	0.0107
-0.23	0.0903	19.634954084936208	0.0055
-0.17	0.1166	24.543692606170257	0.0032
-0.1	0.0959	29.45243112740431	0.0026
-0.03	0.0169	34.36116964863836	0.0019
0.03	0.0161	39.269908169872416	0.0015
0.1	0.0989	44.178646691106465	0.0013
0.17	0.1176	49.087385212340514	0.0017
0.23	0.0885	53.996123733574564	0.0025
0.3	0.0679	58.90486225480862	0.0034
0.37	0.0673	63.813600776042676	0.0042
0.43	0.0366	68.72233929727672	0.0076
0.5	0.0062	73.63107781851078	0.0176
