-0.5	0.0733	0.0	0.1011
-0.47	0.073	3.9269908169872414	0.2545
-0.44	0.0681	7.853981633974483	0.2441
-0.4	0.0641	11.780972450961723	0.2614
-0.37	0.0581	15.707963267948966	0.0962
-0.34	0.0446	19.634954084936204	0.0074
-0.31	0.0408	23.561944901923447	0.0027
-0.27	0.0273	27.48893571891069	0.0025
-0.24	0.0197	31.41592653589793	0.0019
-0.21	0.0123	35.34291735288517	0.0014
-0.18	0.0055	39.26990816987241	0.0011
-0.15	0.0014	43.19689898685965	0.0005
-0.11	0.0007	47.12388980384689	0.0007
-0.08	0.0025	51.05088062083414	0.001
-0.05	0.0039	54.97787143782138	0.0007
-0.02	0.0092	58.90486225480861	0.0013
0.02	0.009	62.83185307179586	0.0006
0.05	0.0037	66.7588438887831	0.0005
0.08	0.0026	70.68583470577035	0.0005
0.11	0.0009	74.61282552275757	0.0007
0.15	0.0019	78.53981633974482	0.0001
0.18	0.0065	82.46680715673207	0.0004
0.21	0.0099	86.3937979737193	0.0002
0.24	0.0194	90.32078879070654	0.0001
0.27	0.0311	94.24777960769379	0.0007
0.31	0.0408	98.17477042468103	0.0013
0.34	0.0476	102.10176124166829	0.0008
0.37	0.0541	106.02875205865551	0.0023
0.4	0.0586	109.95574287564276	0.0023
0.44	0.0689	113.88273369263	0.0014
0.47	0.0687	117.80972450961723	0.0034
0.5	0.0718	121.73671532660447	0.0062
