-0.5	0.002	0.0	0.1723
-0.43	0.0011	78.53981633974483	0.7271
-0.37	0.0048	157.07963267948966	0.0351
-0.3	0.018	235.61944901923448	0.0106
-0.23	0.0448	314.1592653589793	0.0062
-0.17	0.0981	392.6990816987241	0.0026
-0.1	0.1473	471.23889803846896	0.0027
-0.03	0.1828	549.7787143782137	0.0022
0.03	0.1857	628.3185307179587	0.0015
0.1	0.1479	706.8583470577034	0.0019
0.17	0.0939	785.3981633974482	0.002
0.23	0.0484	863.937979737193	0.0021
0.3	0.0174	942.4777960769379	0.0022
0.37	0.0048	1021.0176124166828	0.005
0.43	0.0014	1099.5574287564275	0.0067
0.5	0.0016	1178.0972450961724	0.0198
