-0.5	0.0	0.0	0.0046
-0.48	0.0001	19.634954084936208	0.0177
-0.47	0.0001	39.269908169872416	0.0426
-0.45	0.0	58.90486225480862	0.2278
-0.44	0.0001	78.53981633974483	0.0435
-0.42	0.0001	98.17477042468103	0.3516
-0.4	0.0004	117.80972450961724	0.1563
-0.39	0.0005	137.44467859455344	0.0655
-0.37	0.0002	157.07963267948966	0.0637
-0.36	0.0005	176.71458676442586	0.005
-0.34	0.0015	196.34954084936206	0.0022
-0.33	0.0022	215.98449493429825	0.0011
-0.31	0.002	235.61944901923448	0.0014
-0.29	0.0051	255.2544031041707	0.0014
-0.28	0.0048	274.8893571891069	0.0008
-0.26	0.0067	294.5243112740431	0.0005
-0.25	0.0097	314.1592653589793	0.0004
-0.23	0.0107	333.79421944391555	0.0005
-0.21	0.0128	353.4291735288517	0.0007
-0.2	0.0145	373.0641276137879	0.0
-0.18	0.0191	392.6990816987241	0.0001
-0.17	0.0222	412.33403578366034	0.0001
-0.15	0.0247	431.9689898685965	0.0001
-0.13	0.0296	451.60394395353273	0.0002
-0.12	0.0377	471.23889803846896	0.0001
-0.1	0.0361	490.8738521234052	0.0
-0.09	0.0417	510.5088062083414	0.0001
-0.07	0.0453	530.1437602932775	0.0001
-0.06	0.046	549.7787143782137	0.0001
-0.04	0.0422	569.41366846315	0.0004
-0.02	0.041	589.0486225480862	0.0002
-0.01	0.0474	608.6835766330224	0.0001
0.01	0.0464	628.3185307179587	0.0002
0.02	0.0426	647.9534848028949	0.0
0.04	0.0422	667.5884388878311	0.0001
0.06	0.044	687.2233929727672	0.0002
0.07	0.041	706.8583470577034	0.0
0.09	0.0399	726.4933011426397	0.0001
0.1	0.0367	746.1282552275758	0.0
0.12	0.038	765.763209312512	0.0001
0.13	0.0295	785.3981633974482	0.0001
0.15	0.0249	805.0331174823845	0.0002
0.17	0.0223	824.6680715673207	0.0003
0.18	0.0202	844.3030256522569	0.0
0.2	0.0156	863.937979737193	0.0002
0.21	0.0102	883.5729338221294	0.0002
0.23	0.0101	903.2078879070655	0.0005
0.25	0.0083	922.8428419920018	0.0002
0.26	0.0053	942.4777960769379	0.0001
0.28	0.0054	962.112750161874	0.0004
0.29	0.0045	981.7477042468104	0.0003
0.31	0.0019	1001.3826583317465	0.0002
0.33	0.0021	1021.0176124166828	0.0001
0.34	0.0009	1040.652566501619	0.0003
0.36	0.0007	1060.287520586555	0.0001
0.37	0.001	1079.9224746714915	0.0002
0.39	0.0003	1099.5574287564275	0.0006
0.4	0.0003	1119.1923828413637	0.0003
0.42	0.0	1138.8273369263	0.0007
0.44	0.0	1158.4622910112362	0.0005
0.45	0.0004	1178.0972450961724	0.0012
0.47	0.0002	1197.7321991811086	0.0007
0.48	0.0001	1217.3671532660449	0.0011
0.5	0.0	1237.002107350981	0.0019
