-0.5	0.062	0.0	0.2413
-0.43	0.063	13.089969389957473	0.6095
-0.37	0.0696	26.179938779914945	0.0722
-0.3	0.0694	39.269908169872416	0.0142
-0.23	0.0656	52.35987755982989	0.0058
-0.17	0.0492	65.44984694978736	0.0044
-0.1	0.0501	78.53981633974483	0.0025
-0.03	0.0675	91.6297857297023	0.0019
0.03	0.0667	104.71975511965978	0.0022
0.1	0.0525	117.80972450961724	0.0024
0.17	0.0491	130.89969389957471	0.0024
0.23	0.0633	143.9896632895322	0.0028
0.3	0.0718	157.07963267948966	0.004
0.37	0.0717	170.16960206944714	0.0049
0.43	0.0622	183.2595714594046	0.0085
0.5	0.0663	196.34954084936206	0.021
