-0.5	0.0798	0.0	0.1008
-0.47	0.0726	3.272492347489368	0.2632
-0.44	0.0629	6.544984694978736	0.2419
-0.4	0.0579	9.817477042468104	0.2495
-0.37	0.0524	13.089969389957473	0.099
-0.34	0.0451	16.36246173744684	0.0078
-0.31	0.0293	19.634954084936208	0.0039
-0.27	0.0242	22.907446432425576	0.0027
-0.24	0.0173	26.179938779914945	0.0024
-0.21	0.0084	29.45243112740431	0.0012
-0.18	0.0057	32.72492347489368	0.0011
-0.15	0.0038	35.99741582238305	0.0008
-0.11	0.0057	39.269908169872416	0.0011
-0.08	0.0107	42.542400517361784	0.0008
-0.05	0.0112	45.81489286485115	0.0002
-0.02	0.0174	49.087385212340514	0.0008
0.02	0.0154	52.35987755982989	0.0003
0.05	0.0127	55.63236990731926	0.0005
0.08	0.0103	58.90486225480862	0.0006
0.11	0.0052	62.17735460229799	0.0007
0.15	0.0046	65.44984694978736	0.0004
0.18	0.005	68.72233929727673	0.0002
0.21	0.0082	71.9948316447661	0.0007
0.24	0.0179	75.26732399225546	0.0007
0.27	0.0235	78.53981633974483	0.0008
0.31	0.0311	81.81230868723421	0.0005
0.34	0.043	85.08480103472357	0.0007
0.37	0.0501	88.35729338221293	0.0008
0.4	0.0578	91.6297857297023	0.0019
0.44	0.0651	94.90227807719167	0.0018
0.47	0.0699	98.17477042468103	0.0046
0.5	0.0758	101.4472627721704	0.0076
