-0.5	0.0005	0.0	0.0277
-0.47	0.0047	2.454369260617026	0.2006
-0.44	0.0126	4.908738521234052	0.4638
-0.4	0.0212	7.3631077818510775	0.2163
-0.37	0.0303	9.817477042468104	0.0261
-0.34	0.0394	12.271846303085129	0.0102
-0.31	0.0505	14.726215563702155	0.0055
-0.27	0.0476	17.18058482431918	0.004
-0.24	0.0536	19.634954084936208	0.0038
-0.21	0.0499	22.089323345553233	0.0022
-0.18	0.0537	24.543692606170257	0.0009
-0.15	0.0495	26.998061866787282	0.0018
-0.11	0.0466	29.45243112740431	0.0008
-0.08	0.0271	31.906800388021338	0.0006
-0.05	0.0077	34.36116964863836	0.0005
-0.02	0.0013	36.81553890925539	0.0008
0.02	0.001	39.269908169872416	0.001
0.05	0.0106	41.724277430489444	0.0009
0.08	0.0301	44.178646691106465	0.0004
0.11	0.0452	46.633015951723486	0.0006
0.15	0.0507	49.087385212340514	0.0008
0.18	0.0511	51.54175447295754	0.0006
0.21	0.0477	53.996123733574564	0.001
0.24	0.0555	56.45049299419159	0.0012
0.27	0.0527	58.90486225480862	0.0011
0.31	0.0483	61.35923151542565	0.0011
0.34	0.0441	63.813600776042676	0.002
0.37	0.0272	66.26797003665969	0.0016
0.4	0.0219	68.72233929727672	0.0023
0.44	0.014	71.17670855789375	0.0037
0.47	0.0035	73.63107781851078	0.006
0.5	0.0002	76.0854470791278	0.0101
