-0.5	0.1602	0.0	0.3395
-0.43	0.1345	8.726646259971648	0.4606
-0.37	0.0892	17.453292519943297	0.1227
-0.3	0.0497	26.179938779914945	0.0179
-0.23	0.0194	34.90658503988659	0.0054
-0.17	0.0047	43.63323129985824	0.0049
-0.1	0.0125	52.35987755982989	0.002
-0.03	0.0235	61.086523819801535	0.0017
0.03	0.0208	69.81317007977319	0.002
0.1	0.0109	78.53981633974483	0.0019
0.17	0.0043	87.26646259971648	0.0029
0.23	0.0193	95.99310885968812	0.0028
0.3	0.0531	104.71975511965978	0.0033
0.37	0.0934	113.44640137963144	0.0046
0.43	0.1375	122.17304763960307	0.0075
0.5	0.167	130.89969389957471	0.0203
