-0.5	0.0123	0.0	0.0157
-0.48	0.0116	6.544984694978736	0.0215
-0.47	0.0111	13.089969389957473	0.0561
-0.45	0.0088	19.634954084936208	0.2207
-0.44	0.0085	26.179938779914945	0.0353
-0.42	0.0077	32.72492347489368	0.3137
-0.4	0.0041	39.269908169872416	0.1435
-0.39	0.0036	45.81489286485115	0.0653
-0.37	0.004	52.35987755982989	0.0881
-0.36	0.0033	58.90486225480862	0.0069
-0.34	0.0048	65.44984694978736	0.0101
-0.33	0.0029	71.9948316447661	0.0024
-0.31	0.0049	78.53981633974483	0.0014
-0.29	0.0073	85.08480103472357	0.0011
-0.28	0.0087	91.6297857297023	0.0008
-0.26	0.0117	98.17477042468103	0.0007
-0.25	0.0147	104.71975511965978	0.0002
-0.23	0.0183	111.26473981463852	0.0003
-0.21	0.0189	117.80972450961724	0.0008
-0.2	0.0243	124.35470920459598	0.0001
-0.18	0.0258	130.89969389957471	0.0003
-0.17	0.0236	137.44467859455347	0.0003
-0.15	0.0267	143.9896632895322	0.0003
-0.13	0.0283	150.5346479845109	0.0003
-0.12	0.0307	157.07963267948966	0.0002
-0.1	0.0298	163.62461737446841	0.0004
-0.09	0.0274	170.16960206944714	0.0
-0.07	0.0272	176.71458676442586	0.0
-0.06	0.0261	183.2595714594046	0.0
-0.04	0.0208	189.80455615438333	0.0001
-0.02	0.0226	196.34954084936206	0.0002
-0.01	0.0246	202.8945255443408	0.0
0.01	0.0213	209.43951023931956	0.0001
0.02	0.0205	215.98449493429828	0.0001
0.04	0.0222	222.52947962927703	0.0001
0.06	0.0241	229.07446432425576	0.0
0.07	0.0241	235.61944901923448	0.0002
0.09	0.0246	242.16443371421323	0.0
0.1	0.0249	248.70941840919195	0.0001
0.12	0.031	255.2544031041707	0.0003
0.13	0.0277	261.79938779914943	0.0002
0.15	0.0288	268.34437249412815	0.0001
0.17	0.025	274.88935718910693	0.0003
0.18	0.0274	281.43434188408565	0.0001
0.2	0.0225	287.9793265790644	0.0002
0.21	0.02	294.5243112740431	0.0003
0.23	0.0189	301.0692959690218	0.0003
0.25	0.0154	307.6142806640006	0.0003
0.26	0.0122	314.1592653589793	0.0001
0.28	0.0088	320.70425005395805	0.0002
0.29	0.0091	327.24923474893683	0.0
0.31	0.0067	333.79421944391555	0.0003
0.33	0.0033	340.3392041388943	0.0002
0.34	0.0031	346.884188833873	0.0003
0.36	0.0037	353.4291735288517	0.0003
0.37	0.0038	359.9741582238305	0.0003
0.39	0.0035	366.5191429188092	0.0003
0.4	0.0054	373.06412761378795	0.0004
0.42	0.0065	379.60911230876667	0.0011
0.44	0.0075	386.1540970037454	0.0005
0.45	0.0081	392.6990816987241	0.0006
0.47	0.0094	399.2440663937029	0.001
0.48	0.0125	405.7890510886816	0.0022
0.5	0.0129	412.3340357836604	0.0027
