-0.5	0.056	0.0	0.2123
-0.43	0.036	26.179938779914945	0.6572
-0.37	0.0132	52.35987755982989	0.0635
-0.3	0.0226	78.53981633974483	0.0117
-0.23	0.0554	104.71975511965978	0.0059
-0.17	0.0915	130.89969389957471	0.0035
-0.1	0.1057	157.07963267948966	0.0026
-0.03	0.1086	183.2595714594046	0.0023
0.03	0.1129	209.43951023931956	0.002
0.1	0.1116	235.61944901923448	0.0017
0.17	0.0935	261.79938779914943	0.0019
0.23	0.0588	287.9793265790644	0.003
0.3	0.0232	314.1592653589793	0.0026
0.37	0.0159	340.3392041388943	0.0037
0.43	0.0351	366.5191429188092	0.0084
0.5	0.06	392.6990816987241	0.0177
