-0.5	0.1884	0.0	0.3548
-0.43	0.1391	6.544984694978736	0.4381
-0.37	0.0756	13.089969389957473	0.134
-0.3	0.0376	19.634954084936208	0.0169
-0.23	0.0162	26.179938779914945	0.0066
-0.17	0.006	32.72492347489368	0.0042
-0.1	0.0135	39.269908169872416	0.0031
-0.03	0.026	45.81489286485115	0.0021
0.03	0.0263	52.35987755982989	0.0018
0.1	0.016	58.90486225480862	0.002
0.17	0.0082	65.44984694978736	0.002
0.23	0.015	71.9948316447661	0.003
0.3	0.0364	78.53981633974483	0.0025
0.37	0.0766	85.08480103472357	0.0037
0.43	0.1391	91.6297857297023	0.0066
0.5	0.18	98.17477042468103	0.0186
