-0.5	0.0047	0.0	0.1522
-0.43	0.0241	4.363323129985824	0.7507
-0.37	0.0303	8.726646259971648	0.0346
-0.3	0.0337	13.089969389957473	0.01
-0.23	0.1128	17.453292519943297	0.0049
-0.17	0.1685	21.81661564992912	0.0032
-0.1	0.1165	26.179938779914945	0.003
-0.03	0.0164	30.543261909900767	0.002
0.03	0.0157	34.90658503988659	0.0025
0.1	0.1106	39.269908169872416	0.0019
0.17	0.1612	43.63323129985824	0.0019
0.23	0.1053	47.99655442984406	0.002
0.3	0.0405	52.35987755982989	0.0024
0.37	0.0269	56.72320068981572	0.0046
0.43	0.0283	61.086523819801535	0.0077
0.5	0.0045	65.44984694978736	0.0164
