-0.5	0.1894	0.0	0.3571
-0.43	0.1382	9.817477042468104	0.4344
-0.37	0.0694	19.634954084936208	0.134
-0.3	0.0298	29.45243112740431	0.0165
-0.23	0.0119	39.269908169872416	0.0062
-0.17	0.0126	49.087385212340514	0.0036
-0.1	0.0186	58.90486225480862	0.0026
-0.03	0.0243	68.72233929727672	0.002
0.03	0.0212	78.53981633974483	0.0022
0.1	0.0185	88.35729338221293	0.0023
0.17	0.0134	98.17477042468103	0.0019
0.23	0.0141	107.99224746714913	0.0016
0.3	0.0278	117.80972450961724	0.0032
0.37	0.0689	127.62720155208535	0.0052
0.43	0.1422	137.44467859455344	0.0074
0.5	0.1997	147.26215563702155	0.0198
