-0.5	0.0269	0.0	0.2031
-0.43	0.028	392.6990816987241	0.6751
-0.37	0.038	785.3981633974482	0.05
-0.3	0.0431	1178.0972450961724	0.0118
-0.23	0.0628	1570.7963267948965	0.0067
-0.17	0.075	1963.4954084936207	0.004
-0.1	0.1013	2356.194490192345	0.0025
-0.03	0.119	2748.893571891069	0.0022
0.03	0.1243	3141.592653589793	0.0027
0.1	0.0997	3534.291735288517	0.0017
0.17	0.0786	3926.9908169872415	0.0014
0.23	0.0648	4319.689898685965	0.002
0.3	0.0456	4712.38898038469	0.0024
0.37	0.0376	5105.088062083414	0.0054
0.43	0.0302	5497.787143782138	0.0078
0.5	0.0251	5890.486225480861	0.0212
