-0.5	0.011	0.0	0.039
-0.47	0.0097	19.634954084936208	0.2111
-0.44	0.0071	39.269908169872416	0.4289
-0.4	0.0054	58.90486225480862	0.2175
-0.37	0.0063	78.53981633974483	0.0375
-0.34	0.0118	98.17477042468103	0.0118
-0.31	0.0187	117.80972450961724	0.0055
-0.27	0.0278	137.44467859455344	0.0032
-0.24	0.036	157.07963267948966	0.0024
-0.21	0.0402	176.71458676442586	0.0021
-0.18	0.0467	196.34954084936206	0.001
-0.15	0.0512	215.98449493429825	0.0012
-0.11	0.0467	235.61944901923448	0.0012
-0.08	0.0549	255.2544031041707	0.0009
-0.05	0.0649	274.8893571891069	0.0015
-0.02	0.0602	294.5243112740431	0.0004
0.02	0.057	314.1592653589793	0.001
0.05	0.0601	333.79421944391555	0.0005
0.08	0.0551	353.4291735288517	0.0008
0.11	0.0525	373.0641276137879	0.0015
0.15	0.051	392.6990816987241	0.0004
0.18	0.0512	412.33403578366034	0.0004
0.21	0.0403	431.9689898685965	0.0004
0.24	0.0344	451.60394395353273	0.0009
0.27	0.0271	471.23889803846896	0.0013
0.31	0.0195	490.8738521234052	0.0013
0.34	0.0102	510.5088062083414	0.002
0.37	0.0077	530.1437602932775	0.002
0.4	0.005	549.7787143782137	0.0024
0.44	0.0067	569.41366846315	0.0041
0.47	0.0115	589.0486225480862	0.0052
0.5	0.0121	608.6835766330224	0.0106
