-0.5	0.0355	0.0	0.0605
-0.47	0.0369	7.853981633974483	0.2437
-0.44	0.0343	15.707963267948966	0.3407
-0.4	0.0304	23.561944901923447	0.2341
-0.37	0.0274	31.41592653589793	0.0684
-0.34	0.0196	39.26990816987241	0.009
-0.31	0.0165	47.12388980384689	0.0042
-0.27	0.0143	54.97787143782138	0.0033
-0.24	0.0108	62.83185307179586	0.0025
-0.21	0.0112	70.68583470577035	0.001
-0.18	0.0196	78.53981633974482	0.0012
-0.15	0.0273	86.3937979737193	0.0011
-0.11	0.0407	94.24777960769379	0.001
-0.08	0.0561	102.10176124166829	0.0006
-0.05	0.0664	109.95574287564276	0.0006
-0.02	0.066	117.80972450961723	0.0007
0.02	0.0671	125.66370614359172	0.0002
0.05	0.0587	133.5176877775662	0.0009
0.08	0.0543	141.3716694115407	0.0005
0.11	0.0398	149.22565104551515	0.0006
0.15	0.0275	157.07963267948963	0.0002
0.18	0.0173	164.93361431346415	0.0007
0.21	0.0096	172.7875959474386	0.0002
0.24	0.0101	180.6415775814131	0.001
0.27	0.013	188.49555921538757	0.0014
0.31	0.0156	196.34954084936206	0.001
0.34	0.0206	204.20352248333657	0.0019
0.37	0.0262	212.05750411731103	0.0014
0.4	0.0252	219.9114857512855	0.0019
0.44	0.0315	227.76546738526	0.0026
0.47	0.0347	235.61944901923445	0.0045
0.5	0.0358	243.47343065320894	0.0084
