-0.5	0.0252	0.0	0.0335
-0.48	0.0277	1.636246173744684	0.0383
-0.47	0.0279	3.272492347489368	0.084
-0.45	0.0292	4.908738521234052	0.2033
-0.44	0.0276	6.544984694978736	0.0312
-0.42	0.0346	8.18123086872342	0.2163
-0.4	0.0326	9.817477042468104	0.1359
-0.39	0.0305	11.453723216212788	0.0589
-0.37	0.0293	13.089969389957473	0.145
-0.36	0.029	14.726215563702155	0.0108
-0.34	0.0279	16.36246173744684	0.0197
-0.33	0.0272	17.998707911191524	0.002
-0.31	0.0339	19.634954084936208	0.0015
-0.29	0.0247	21.271200258680892	0.0005
-0.28	0.0203	22.907446432425576	0.0019
-0.26	0.0143	24.543692606170257	0.0006
-0.25	0.0162	26.179938779914945	0.0007
-0.23	0.0117	27.81618495365963	0.0003
-0.21	0.0083	29.45243112740431	0.0002
-0.2	0.0053	31.088677301148994	0.0002
-0.18	0.0036	32.72492347489368	0.0002
-0.17	0.0018	34.361169648638366	0.0002
-0.15	0.0002	35.99741582238305	0.0002
-0.13	0.0003	37.63366199612773	0.0001
-0.12	0.0001	39.269908169872416	0.0003
-0.1	0.0	40.906154343617104	0.0002
-0.09	0.0005	42.542400517361784	0.0001
-0.07	0.0024	44.178646691106465	0.0001
-0.06	0.0016	45.81489286485115	0.0003
-0.04	0.0035	47.451139038595834	0.0
-0.02	0.0034	49.087385212340514	0.0001
-0.01	0.0034	50.7236313860852	0.0001
0.01	0.0027	52.35987755982989	0.0001
0.02	0.0042	53.99612373357457	0.0002
0.04	0.004	55.63236990731926	0.0
0.06	0.003	57.26861608106394	0.0001
0.07	0.0019	58.90486225480862	0.0001
0.09	0.0012	60.54110842855331	0.0
0.1	0.0002	62.17735460229799	0.0001
0.12	0.0	63.813600776042676	0.0001
0.13	0.0002	65.44984694978736	0.0
0.15	0.0001	67.08609312353204	0.0
0.17	0.0014	68.72233929727673	0.0002
0.18	0.0041	70.35858547102141	0.0
0.2	0.0071	71.9948316447661	0.0003
0.21	0.0064	73.63107781851078	0.0002
0.23	0.0102	75.26732399225546	0.0
0.25	0.015	76.90357016600015	0.0001
0.26	0.0169	78.53981633974483	0.0
0.28	0.0215	80.17606251348951	0.0001
0.29	0.0257	81.81230868723421	0.0002
0.31	0.0289	83.44855486097889	0.0001
0.33	0.0284	85.08480103472357	0.0003
0.34	0.0297	86.72104720846825	0.0006
0.36	0.0277	88.35729338221293	0.0005
0.37	0.0276	89.99353955595762	0.0008
0.39	0.0298	91.6297857297023	0.0005
0.4	0.0301	93.26603190344699	0.0008
0.42	0.0311	94.90227807719167	0.0006
0.44	0.0259	96.53852425093635	0.0011
0.45	0.0231	98.17477042468103	0.0006
0.47	0.0291	99.81101659842572	0.001
0.48	0.032	101.4472627721704	0.0019
0.5	0.0266	103.0835089459151	0.0027
