-0.5	0.0605	0.0	0.0811
-0.47	0.0489	5.609986881410344	0.2428
-0.44	0.0513	11.219973762820688	0.3074
-0.4	0.0487	16.829960644231033	0.2387
-0.37	0.0436	22.439947525641376	0.0817
-0.34	0.0404	28.049934407051722	0.0062
-0.31	0.0323	33.659921288462066	0.0046
-0.27	0.0322	39.26990816987241	0.0031
-0.24	0.0284	44.87989505128275	0.0024
-0.21	0.0237	50.4898819326931	0.0016
-0.18	0.0225	56.099868814103445	0.0007
-0.15	0.02	61.70985569551378	0.0012
-0.11	0.0146	67.31984257692413	0.0009
-0.08	0.0136	72.92982945833448	0.001
-0.05	0.0118	78.53981633974482	0.0004
-0.02	0.0086	84.14980322115515	0.0008
0.02	0.0071	89.7597901025655	0.0008
0.05	0.0104	95.36977698397585	0.0007
0.08	0.0128	100.9797638653862	0.0004
0.11	0.014	106.58975074679654	0.0002
0.15	0.0205	112.19973762820689	0.0009
0.18	0.0239	117.80972450961724	0.001
0.21	0.0211	123.41971139102756	0.0007
0.24	0.0272	129.0296982724379	0.001
0.27	0.0316	134.63968515384826	0.0009
0.31	0.0336	140.2496720352586	0.0004
0.34	0.0386	145.85965891666896	0.0008
0.37	0.0475	151.46964579807928	0.0018
0.4	0.0472	157.07963267948963	0.0021
0.44	0.0516	162.68961956089998	0.0026
0.47	0.0538	168.2996064423103	0.0037
0.5	0.058	173.90959332372066	0.0074
