0.0	0.0303
0.7669903939428205	0.227
1.533980787885641	0.4188
2.3009711818284617	0.2294
3.067961575771282	0.0345
3.834951969714103	0.0098
4.601942363656923	0.0046
5.368932757599744	0.0028
6.135923151542564	0.0014
6.902913545485385	0.0017
7.669903939428206	0.0013
8.436894333371026	0.0012
9.203884727313847	0.0009
9.970875121256668	0.0013
10.737865515199488	0.001
11.504855909142307	0.0012
12.271846303085129	0.0002
13.03883669702795	0.0005
13.80582709097077	0.0006
14.57281748491359	0.0002
15.339807878856412	0.0009
16.10679827279923	0.0011
16.87378866674205	0.0007
17.64077906068487	0.0008
18.407769454627694	0.0009
19.174759848570517	0.0012
19.941750242513336	0.0018
20.708740636456156	0.0019
21.475731030398975	0.0018
22.2427214243418	0.0044
23.009711818284615	0.0054
23.776702212227438	0.0104
