-0.5	0.0491	0.0	0.0623
-0.48	0.053	2.181661564992912	0.0462
-0.47	0.0476	4.363323129985824	0.1102
-0.45	0.0453	6.544984694978736	0.1673
-0.44	0.0392	8.726646259971648	0.0243
-0.42	0.037	10.90830782496456	0.1512
-0.4	0.0337	13.089969389957473	0.1166
-0.39	0.025	15.271630954950384	0.052
-0.37	0.0183	17.453292519943297	0.1874
-0.36	0.0179	19.634954084936208	0.0181
-0.34	0.0135	21.81661564992912	0.038
-0.33	0.0118	23.99827721492203	0.0044
-0.31	0.0095	26.179938779914945	0.0019
-0.29	0.0056	28.36160034490786	0.0013
-0.28	0.006	30.543261909900767	0.0008
-0.26	0.0046	32.72492347489368	0.0002
-0.25	0.0039	34.90658503988659	0.0004
-0.23	0.0065	37.08824660487951	0.0003
-0.21	0.0031	39.269908169872416	0.0001
-0.2	0.0049	41.45156973486532	0.0001
-0.18	0.0047	43.63323129985824	0.0004
-0.17	0.0049	45.81489286485115	0.0004
-0.15	0.0079	47.99655442984406	0.0003
-0.13	0.0052	50.178215994836975	0.0002
-0.12	0.0044	52.35987755982989	0.0
-0.1	0.0045	54.541539124822805	0.0005
-0.09	0.0044	56.72320068981572	0.0001
-0.07	0.0052	58.90486225480862	0.0001
-0.06	0.0056	61.086523819801535	0.0002
-0.04	0.0058	63.26818538479445	0.0
-0.02	0.0057	65.44984694978736	0.0
-0.01	0.0036	67.63150851478026	0.0003
0.01	0.0042	69.81317007977319	0.0001
0.02	0.0073	71.9948316447661	0.0003
0.04	0.0059	74.17649320975902	0.0001
0.06	0.0054	76.35815477475191	0.0001
0.07	0.0051	78.53981633974483	0.0003
0.09	0.004	80.72147790473774	0.0004
0.1	0.0037	82.90313946973065	0.0
0.12	0.0049	85.08480103472357	0.0
0.13	0.0063	87.26646259971648	0.0001
0.15	0.0068	89.44812416470938	0.0001
0.17	0.0065	91.6297857297023	0.0003
0.18	0.0057	93.81144729469521	0.0
0.2	0.0052	95.99310885968812	0.0002
0.21	0.0047	98.17477042468104	0.0003
0.23	0.0041	100.35643198967395	0.0004
0.25	0.0052	102.53809355466687	0.0002
0.26	0.0058	104.71975511965978	0.0003
0.28	0.005	106.90141668465267	0.0001
0.29	0.007	109.08307824964561	0.0001
0.31	0.0078	111.2647398146385	0.0
0.33	0.0078	113.44640137963144	0.0002
0.34	0.0131	115.62806294462433	0.0
0.36	0.0137	117.80972450961724	0.0004
0.37	0.0193	119.99138607461016	0.0003
0.39	0.0257	122.17304763960307	0.0004
0.4	0.0321	124.35470920459598	0.0001
0.42	0.035	126.5363707695889	0.0011
0.44	0.0391	128.7180323345818	0.0007
0.45	0.0442	130.89969389957471	0.0014
0.47	0.0507	133.08135546456762	0.0007
0.48	0.0531	135.26301702956053	0.0019
0.5	0.0582	137.44467859455347	0.0038
