-0.5	0.0351	0.0	0.0599
-0.47	0.0326	6.544984694978736	0.2359
-0.44	0.0336	13.089969389957473	0.3441
-0.4	0.0345	19.634954084936208	0.2448
-0.37	0.0367	26.179938779914945	0.0601
-0.34	0.0373	32.72492347489368	0.0083
-0.31	0.0349	39.269908169872416	0.0046
-0.27	0.0336	45.81489286485115	0.003
-0.24	0.025	52.35987755982989	0.0017
-0.21	0.0195	58.90486225480862	0.0023
-0.18	0.021	65.44984694978736	0.0014
-0.15	0.0207	71.9948316447661	0.0004
-0.11	0.0216	78.53981633974483	0.0008
-0.08	0.0359	85.08480103472357	0.0007
-0.05	0.0413	91.6297857297023	0.0008
-0.02	0.0404	98.17477042468103	0.0004
0.02	0.044	104.71975511965978	0.0006
0.05	0.0387	111.26473981463852	0.0004
0.08	0.0339	117.80972450961724	0.0008
0.11	0.0224	124.35470920459598	0.0002
0.15	0.0212	130.89969389957471	0.0006
0.18	0.019	137.44467859455347	0.0009
0.21	0.0201	143.9896632895322	0.0007
0.24	0.0288	150.5346479845109	0.0008
0.27	0.0314	157.07963267948966	0.0008
0.31	0.0329	163.62461737446841	0.0009
0.34	0.0349	170.16960206944714	0.0013
0.37	0.0381	176.71458676442586	0.0021
0.4	0.0347	183.2595714594046	0.0023
0.44	0.0316	189.80455615438333	0.003
0.47	0.0305	196.34954084936206	0.0058
0.5	0.0341	202.8945255443408	0.0096
