-0.5	0.0201	0.0	0.0242
-0.48	0.0181	4.908738521234052	0.0313
-0.47	0.0203	9.817477042468104	0.0647
-0.45	0.017	14.726215563702155	0.2159
-0.44	0.0155	19.634954084936208	0.0323
-0.42	0.0125	24.543692606170257	0.2731
-0.4	0.0095	29.45243112740431	0.1424
-0.39	0.0081	34.36116964863836	0.0621
-0.37	0.0065	39.269908169872416	0.1138
-0.36	0.0067	44.178646691106465	0.0079
-0.34	0.0043	49.087385212340514	0.0115
-0.33	0.003	53.996123733574564	0.0022
-0.31	0.0031	58.90486225480862	0.0015
-0.29	0.0028	63.813600776042676	0.001
-0.28	0.0027	68.72233929727672	0.0012
-0.26	0.0045	73.63107781851078	0.0004
-0.25	0.0066	78.53981633974483	0.0002
-0.23	0.0078	83.44855486097889	0.0004
-0.21	0.0096	88.35729338221293	0.0003
-0.2	0.0102	93.26603190344697	0.0003
-0.18	0.0135	98.17477042468103	0.0004
-0.17	0.0173	103.08350894591509	0.0004
-0.15	0.0171	107.99224746714913	0.0002
-0.13	0.0214	112.90098598838318	0.0002
-0.12	0.0224	117.80972450961724	0.0002
-0.1	0.0252	122.7184630308513	0.0004
-0.09	0.0274	127.62720155208535	0.0002
-0.07	0.0331	132.53594007331938	0.0002
-0.06	0.0349	137.44467859455344	0.0
-0.04	0.0326	142.3534171157875	0.0001
-0.02	0.0339	147.26215563702155	0.0
-0.01	0.0343	152.1708941582556	0.0002
0.01	0.0321	157.07963267948966	0.0002
0.02	0.0359	161.98837120072372	0.0001
0.04	0.0352	166.89710972195778	0.0003
0.06	0.0358	171.8058482431918	0.0001
0.07	0.0273	176.71458676442586	0.0001
0.09	0.0286	181.62332528565992	0.0
0.1	0.0273	186.53206380689394	0.0
0.12	0.0236	191.440802328128	0.0
0.13	0.0213	196.34954084936206	0.0001
0.15	0.0164	201.2582793705961	0.0003
0.17	0.0142	206.16701789183017	0.0003
0.18	0.0128	211.07575641306423	0.0003
0.2	0.0098	215.98449493429825	0.0
0.21	0.0095	220.89323345553234	0.0001
0.23	0.0075	225.80197197676637	0.0003
0.25	0.0064	230.71071049800045	0.0001
0.26	0.0044	235.61944901923448	0.0001
0.28	0.0046	240.5281875404685	0.0
0.29	0.0026	245.4369260617026	0.0001
0.31	0.0027	250.34566458293662	0.0001
0.33	0.0024	255.2544031041707	0.0001
0.34	0.0038	260.16314162540476	0.0
0.36	0.0056	265.07188014663876	0.0002
0.37	0.0061	269.9806186678729	0.0002
0.39	0.009	274.8893571891069	0.0004
0.4	0.0096	279.79809571034093	0.0005
0.42	0.0145	284.706834231575	0.0005
0.44	0.0143	289.61557275280904	0.0006
0.45	0.0165	294.5243112740431	0.0006
0.47	0.0187	299.43304979527716	0.0012
0.48	0.02	304.3417883165112	0.0009
0.5	0.0195	309.25052683774527	0.003
