0.0	0.08
0.09587379924285257	0.2477
0.19174759848570513	0.2826
0.2876213977285577	0.2627
0.38349519697141027	0.0801
0.4793689962142629	0.0092
0.5752427954571154	0.0033
0.671116594699968	0.0022
0.7669903939428205	0.0017
0.8628641931856731	0.0011
0.9587379924285258	0.0009
1.0546117916713782	0.001
1.1504855909142309	0.0007
1.2463593901570835	0.001
1.342233189399936	0.0004
1.4381069886427884	0.0007
1.533980787885641	0.0005
1.6298545871284937	0.0004
1.7257283863713462	0.0003
1.8216021856141988	0.0007
1.9174759848570515	0.0005
2.013349784099904	0.0002
2.1092235833427564	0.0009
2.205097382585609	0.0008
2.3009711818284617	0.0004
2.3968449810713146	0.0009
2.492718780314167	0.001
2.5885925795570195	0.0017
2.684466378799872	0.0024
2.780340178042725	0.0019
2.876213977285577	0.0035
2.9720877765284297	0.0086
