-0.5	0.127	0.0	0.291
-0.43	0.1078	11.219973762820688	0.5358
-0.37	0.0766	22.439947525641376	0.1034
-0.3	0.058	33.659921288462066	0.0138
-0.23	0.0512	44.87989505128275	0.0066
-0.17	0.047	56.099868814103445	0.0042
-0.1	0.0269	67.31984257692413	0.003
-0.03	0.0144	78.53981633974482	0.002
0.03	0.0164	89.7597901025655	0.0022
0.1	0.0272	100.9797638653862	0.0019
0.17	0.0379	112.19973762820689	0.0022
0.23	0.0529	123.41971139102756	0.0023
0.3	0.061	134.63968515384826	0.0023
0.37	0.0718	145.85965891666896	0.0043
0.43	0.1058	157.07963267948963	0.0064
0.5	0.1181	168.2996064423103	0.0186
