-0.5	0.112	0.0	0.2972
-0.43	0.1047	7.853981633974483	0.5341
-0.37	0.1081	15.707963267948966	0.0966
-0.3	0.0837	23.561944901923447	0.0144
-0.23	0.0587	31.41592653589793	0.007
-0.17	0.0138	39.26990816987241	0.0036
-0.1	0.0016	47.12388980384689	0.0033
-0.03	0.0128	54.97787143782138	0.0026
0.03	0.0115	62.83185307179586	0.0027
0.1	0.0009	70.68583470577035	0.0025
0.17	0.0155	78.53981633974482	0.0027
0.23	0.0595	86.3937979737193	0.002
0.3	0.0842	94.24777960769379	0.0032
0.37	0.1044	102.10176124166829	0.0037
0.43	0.1072	109.95574287564276	0.0071
0.5	0.1214	117.80972450961723	0.0173
