-0.5	0.0005	0.0	0.0266
-0.47	0.0006	39.269908169872416	0.2168
-0.44	0.0006	78.53981633974483	0.4459
-0.4	0.0016	117.80972450961724	0.2235
-0.37	0.0016	157.07963267948966	0.0254
-0.34	0.0041	196.34954084936206	0.0101
-0.31	0.0087	235.61944901923448	0.0049
-0.27	0.0139	274.8893571891069	0.004
-0.24	0.0203	314.1592653589793	0.0021
-0.21	0.0267	353.4291735288517	0.0019
-0.18	0.0408	392.6990816987241	0.0015
-0.15	0.0518	431.9689898685965	0.001
-0.11	0.0679	471.23889803846896	0.0007
-0.08	0.0788	510.5088062083414	0.0007
-0.05	0.0894	549.7787143782137	0.0011
-0.02	0.0892	589.0486225480862	0.0009
0.02	0.0917	628.3185307179587	0.0006
0.05	0.0862	667.5884388878311	0.0008
0.08	0.0818	706.8583470577034	0.0007
0.11	0.0691	746.1282552275758	0.001
0.15	0.0491	785.3981633974482	0.0009
0.18	0.0412	824.6680715673207	0.0008
0.21	0.0318	863.937979737193	0.001
0.24	0.0213	903.2078879070655	0.0009
0.27	0.0134	942.4777960769379	0.0011
0.31	0.0086	981.7477042468104	0.001
0.34	0.005	1021.0176124166828	0.0014
0.37	0.0019	1060.287520586555	0.001
0.4	0.0015	1099.5574287564275	0.0024
0.44	0.0002	1138.8273369263	0.0033
0.47	0.0004	1178.0972450961724	0.0057
0.5	0.0003	1217.3671532660449	0.0103
