-0.5	0.0027	0.0	0.0294
-0.47	0.0182	196.34954084936206	0.2448
-0.44	0.0365	392.6990816987241	0.388
-0.4	0.0535	589.0486225480862	0.2503
-0.37	0.0701	785.3981633974482	0.029
-0.34	0.0762	981.7477042468104	0.0088
-0.31	0.0687	1178.0972450961724	0.0063
-0.27	0.0537	1374.4467859455344	0.0035
-0.24	0.0456	1570.7963267948965	0.0014
-0.21	0.0337	1767.1458676442585	0.0016
-0.18	0.0222	1963.4954084936207	0.0009
-0.15	0.0121	2159.8449493429825	0.0012
-0.11	0.0084	2356.194490192345	0.0007
-0.08	0.0021	2552.544031041707	0.0009
-0.05	0.0016	2748.893571891069	0.0007
-0.02	0.0002	2945.2431127404307	0.0003
0.02	0.0001	3141.592653589793	0.0007
0.05	0.0009	3337.942194439155	0.001
0.08	0.0033	3534.291735288517	0.0004
0.11	0.0073	3730.6412761378792	0.0006
0.15	0.0172	3926.9908169872415	0.0011
0.18	0.019	4123.340357836603	0.0007
0.21	0.0313	4319.689898685965	0.0006
0.24	0.0449	4516.039439535327	0.0011
0.27	0.0563	4712.38898038469	0.0013
0.31	0.0675	4908.738521234052	0.0017
0.34	0.0725	5105.088062083414	0.0017
0.37	0.068	5301.437602932776	0.002
0.4	0.053	5497.787143782138	0.0019
0.44	0.0343	5694.1366846315	0.0023
0.47	0.0165	5890.486225480861	0.0052
0.5	0.0024	6086.835766330224	0.0099
