-0.5	0.0033	0.0	0.0086
-0.48	0.0111	2.181661564992912	0.0323
-0.47	0.0145	4.363323129985824	0.0818
-0.45	0.0233	6.544984694978736	0.1824
-0.44	0.0129	8.726646259971648	0.034
-0.42	0.006	10.90830782496456	0.3256
-0.4	0.0226	13.089969389957473	0.1214
-0.39	0.0663	15.271630954950384	0.0547
-0.37	0.0709	17.453292519943297	0.1329
-0.36	0.0306	19.634954084936208	0.004
-0.34	0.0121	21.81661564992912	0.0019
-0.33	0.0133	23.99827721492203	0.0013
-0.31	0.0355	26.179938779914945	0.0013
-0.29	0.0393	28.36160034490786	0.0004
-0.28	0.0365	30.543261909900767	0.0006
-0.26	0.0189	32.72492347489368	0.0011
-0.25	0.0122	34.90658503988659	0.0004
-0.23	0.0083	37.08824660487951	0.0004
-0.21	0.0007	39.269908169872416	0.0005
-0.2	0.0043	41.45156973486532	0.0001
-0.18	0.0093	43.63323129985824	0.0004
-0.17	0.0088	45.81489286485115	0.0002
-0.15	0.0013	47.99655442984406	0.0003
-0.13	0.0059	50.178215994836975	0.0002
-0.12	0.0076	52.35987755982989	0.0002
-0.1	0.0021	54.541539124822805	0.0001
-0.09	0.0052	56.72320068981572	0.0001
-0.07	0.003	58.90486225480862	0.0002
-0.06	0.004	61.086523819801535	0.0001
-0.04	0.0033	63.26818538479445	0.0001
-0.02	0.0083	65.44984694978736	0.0
-0.01	0.0024	67.63150851478026	0.0
0.01	0.0023	69.81317007977319	0.0001
0.02	0.0075	71.9948316447661	0.0001
0.04	0.0028	74.17649320975902	0.0002
0.06	0.0036	76.35815477475191	0.0
0.07	0.0022	78.53981633974483	0.0
0.09	0.006	80.72147790473774	0.0001
0.1	0.0014	82.90313946973065	0.0
0.12	0.0072	85.08480103472357	0.0
0.13	0.0086	87.26646259971648	0.0001
0.15	0.0017	89.44812416470938	0.0
0.17	0.0083	91.6297857297023	0.0002
0.18	0.0109	93.81144729469521	0.0001
0.2	0.0049	95.99310885968812	0.0002
0.21	0.0005	98.17477042468104	0.0002
0.23	0.0088	100.35643198967395	0.0003
0.25	0.0109	102.53809355466687	0.0001
0.26	0.0186	104.71975511965978	0.0002
0.28	0.0364	106.90141668465267	0.0003
0.29	0.0359	109.08307824964561	0.0
0.31	0.0328	111.2647398146385	0.0004
0.33	0.0141	113.44640137963144	0.0004
0.34	0.0102	115.62806294462433	0.0003
0.36	0.028	117.80972450961724	0.0003
0.37	0.0733	119.99138607461016	0.0004
0.39	0.0642	122.17304763960307	0.0003
0.4	0.026	124.35470920459598	0.0001
0.42	0.0061	126.5363707695889	0.0008
0.44	0.0138	128.7180323345818	0.0003
0.45	0.0217	130.89969389957471	0.0009
0.47	0.0158	133.08135546456762	0.0008
0.48	0.0089	135.26301702956053	0.0021
0.5	0.0028	137.44467859455347	0.0031
