0.0	0.0312
0.7669903939428205	0.2553
1.533980787885641	0.3667
2.3009711818284617	0.2634
3.067961575771282	0.0277
3.834951969714103	0.0078
4.601942363656923	0.0046
5.368932757599744	0.0032
6.135923151542564	0.0018
6.902913545485385	0.0025
7.669903939428206	0.0011
8.436894333371026	0.0014
9.203884727313847	0.0007
9.970875121256668	0.0003
10.737865515199488	0.0004
11.504855909142307	0.0008
12.271846303085129	0.0006
13.03883669702795	0.0005
13.80582709097077	0.0004
14.57281748491359	0.0012
15.339807878856412	0.0007
16.10679827279923	0.0006
16.87378866674205	0.0009
17.64077906068487	0.001
18.407769454627694	0.0012
19.174759848570517	0.001
19.941750242513336	0.0017
20.708740636456156	0.0013
21.475731030398975	0.0022
22.2427214243418	0.0027
23.009711818284615	0.0055
23.776702212227438	0.0096
