-0.5	0.0029	0.0	0.1596
-0.43	0.0176	15.707963267948966	0.747
-0.37	0.0244	31.41592653589793	0.0358
-0.3	0.0646	47.12388980384689	0.0088
-0.23	0.1486	62.83185307179586	0.0048
-0.17	0.1595	78.53981633974482	0.003
-0.1	0.0777	94.24777960769379	0.002
-0.03	0.01	109.95574287564276	0.0018
0.03	0.0108	125.66370614359172	0.0015
0.1	0.0734	141.3716694115407	0.0017
0.17	0.1603	157.07963267948963	0.0019
0.23	0.1453	172.7875959474386	0.003
0.3	0.0599	188.49555921538757	0.003
0.37	0.0238	204.20352248333657	0.0047
0.43	0.0181	219.9114857512855	0.0063
0.5	0.0031	235.61944901923445	0.0151
