-0.5	0.0003	0.0	0.0046
-0.48	0.0018	19.634954084936208	0.0161
-0.47	0.0016	39.269908169872416	0.0381
-0.45	0.0011	58.90486225480862	0.2272
-0.44	0.0024	78.53981633974483	0.0379
-0.42	0.0043	98.17477042468103	0.375
-0.4	0.0066	117.80972450961724	0.1483
-0.39	0.0062	137.44467859455344	0.0666
-0.37	0.009	157.07963267948966	0.0592
-0.36	0.0116	176.71458676442586	0.0041
-0.34	0.0142	196.34954084936206	0.0028
-0.33	0.0108	215.98449493429825	0.0018
-0.31	0.0158	235.61944901923448	0.0017
-0.29	0.0215	255.2544031041707	0.0007
-0.28	0.026	274.8893571891069	0.0011
-0.26	0.0244	294.5243112740431	0.0006
-0.25	0.0289	314.1592653589793	0.0006
-0.23	0.0326	333.79421944391555	0.0002
-0.21	0.0352	353.4291735288517	0.0006
-0.2	0.0343	373.0641276137879	0.0003
-0.18	0.0379	392.6990816987241	0.0005
-0.17	0.0316	412.33403578366034	0.0002
-0.15	0.0341	431.9689898685965	0.0002
-0.13	0.0256	451.60394395353273	0.0001
-0.12	0.0252	471.23889803846896	0.0001
-0.1	0.0206	490.8738521234052	0.0001
-0.09	0.0137	510.5088062083414	0.0001
-0.07	0.0078	530.1437602932775	0.0002
-0.06	0.0056	549.7787143782137	0.0001
-0.04	0.0043	569.41366846315	0.0002
-0.02	0.0019	589.0486225480862	0.0
-0.01	0.0003	608.6835766330224	0.0
0.01	0.0006	628.3185307179587	0.0001
0.02	0.0021	647.9534848028949	0.0002
0.04	0.0043	667.5884388878311	0.0
0.06	0.0059	687.2233929727672	0.0002
0.07	0.0085	706.8583470577034	0.0001
0.09	0.0142	726.4933011426397	0.0001
0.1	0.0203	746.1282552275758	0.0003
0.12	0.0252	765.763209312512	0.0
0.13	0.0274	785.3981633974482	0.0003
0.15	0.0352	805.0331174823845	0.0005
0.17	0.0302	824.6680715673207	0.0001
0.18	0.0388	844.3030256522569	0.0002
0.2	0.0321	863.937979737193	0.0001
0.21	0.0354	883.5729338221294	0.0002
0.23	0.0312	903.2078879070655	0.0001
0.25	0.0335	922.8428419920018	0.0002
0.26	0.0244	942.4777960769379	0.0001
0.28	0.0245	962.112750161874	0.0002
0.29	0.0197	981.7477042468104	0.0
0.31	0.0147	1001.3826583317465	0.0002
0.33	0.0134	1021.0176124166828	0.0002
0.34	0.0148	1040.652566501619	0.0005
0.36	0.0119	1060.287520586555	0.0002
0.37	0.0102	1079.9224746714915	0.0005
0.39	0.0083	1099.5574287564275	0.0004
0.4	0.006	1119.1923828413637	0.0005
0.42	0.0043	1138.8273369263	0.0004
0.44	0.0019	1158.4622910112362	0.0004
0.45	0.0007	1178.0972450961724	0.0009
0.47	0.0019	1197.7321991811086	0.0012
0.48	0.0008	1217.3671532660449	0.001
0.5	0.0004	1237.002107350981	0.0013
