-0.5	0.0012	0.0	0.0058
-0.48	0.0077	1.402496720352586	0.0295
-0.47	0.0133	2.804993440705172	0.0592
-0.45	0.0078	4.207490161057758	0.1812
-0.44	0.002	5.609986881410344	0.0385
-0.42	0.0125	7.012483601762931	0.3812
-0.4	0.0087	8.414980322115516	0.1192
-0.39	0.0503	9.817477042468102	0.0515
-0.37	0.0637	11.219973762820688	0.1061
-0.36	0.0183	12.622470483173275	0.0051
-0.34	0.0103	14.024967203525861	0.0029
-0.33	0.0042	15.427463923878445	0.0015
-0.31	0.0299	16.829960644231033	0.0009
-0.29	0.0453	18.23245736458362	0.0008
-0.28	0.0311	19.634954084936204	0.0006
-0.26	0.0161	21.03745080528879	0.0006
-0.25	0.0121	22.439947525641376	0.0001
-0.23	0.0085	23.842444245993963	0.0005
-0.21	0.0005	25.24494096634655	0.0004
-0.2	0.0006	26.647437686699135	0.0005
-0.18	0.0167	28.049934407051722	0.0002
-0.17	0.0351	29.45243112740431	0.0002
-0.15	0.0102	30.85492784775689	0.0001
-0.13	0.0176	32.25742456810948	0.0003
-0.12	0.0238	33.659921288462066	0.0001
-0.1	0.0075	35.06241800881465	0.0
-0.09	0.0221	36.46491472916724	0.0003
-0.07	0.0045	37.86741144951982	0.0004
-0.06	0.0027	39.26990816987241	0.0002
-0.04	0.0085	40.672404890224996	0.0001
-0.02	0.0053	42.07490161057758	0.0002
-0.01	0.001	43.477398330930164	0.0001
0.01	0.0008	44.87989505128275	0.0001
0.02	0.0047	46.28239177163534	0.0
0.04	0.0103	47.68488849198793	0.0001
0.06	0.0035	49.087385212340514	0.0003
0.07	0.0045	50.4898819326931	0.0
0.09	0.0248	51.89237865304569	0.0
0.1	0.0079	53.29487537339827	0.0002
0.12	0.0227	54.69737209375086	0.0
0.13	0.0185	56.099868814103445	0.0
0.15	0.0112	57.502365534456025	0.0002
0.17	0.0392	58.90486225480862	0.0001
0.18	0.0152	60.3073589751612	0.0002
0.2	0.0007	61.70985569551378	0.0002
0.21	0.0003	63.112352415866376	0.0001
0.23	0.0072	64.51484913621896	0.0
0.25	0.0122	65.91734585657154	0.0002
0.26	0.0149	67.31984257692413	0.0
0.28	0.0277	68.72233929727672	0.0005
0.29	0.0424	70.1248360176293	0.0001
0.31	0.0286	71.5273327379819	0.0
0.33	0.0061	72.92982945833448	0.0
0.34	0.0084	74.33232617868707	0.0005
0.36	0.0171	75.73482289903964	0.0003
0.37	0.0631	77.13731961939224	0.0005
0.39	0.0503	78.53981633974482	0.0002
0.4	0.01	79.9423130600974	0.0004
0.42	0.0135	81.34480978044999	0.0008
0.44	0.0019	82.74730650080258	0.001
0.45	0.0094	84.14980322115515	0.0006
0.47	0.0155	85.55229994150775	0.0011
0.48	0.0074	86.95479666186033	0.0016
0.5	0.0009	88.35729338221293	0.0024
