0.0	0.0267
0.38349519697141027	0.2039
0.7669903939428205	0.462
1.1504855909142309	0.212
1.533980787885641	0.0291
1.9174759848570515	0.01
2.3009711818284617	0.0058
2.684466378799872	0.0043
3.067961575771282	0.0022
3.4514567727426924	0.0018
3.834951969714103	0.0019
4.218447166685513	0.0011
4.601942363656923	0.0011
4.985437560628334	0.001
5.368932757599744	0.0008
5.752427954571154	0.0007
6.135923151542564	0.0012
6.519418348513975	0.0007
6.902913545485385	0.0006
7.286408742456795	0.0011
7.669903939428206	0.0012
8.053399136399616	0.0005
8.436894333371026	0.0009
8.820389530342435	0.0011
9.203884727313847	0.0011
9.587379924285258	0.0012
9.970875121256668	0.0016
10.354370318228078	0.0019
10.737865515199488	0.0025
11.1213607121709	0.0037
11.504855909142307	0.0059
11.888351106113719	0.0104
