-0.5	0.0005	0.0	0.0048
-0.48	0.0028	3.9269908169872414	0.0175
-0.47	0.0013	7.853981633974483	0.0409
-0.45	0.0121	11.780972450961723	0.2065
-0.44	0.0135	15.707963267948966	0.0411
-0.42	0.0083	19.634954084936204	0.3948
-0.4	0.0058	23.561944901923447	0.1417
-0.39	0.012	27.48893571891069	0.0606
-0.37	0.0131	31.41592653589793	0.0644
-0.36	0.0055	35.34291735288517	0.0046
-0.34	0.0067	39.26990816987241	0.0028
-0.33	0.0171	43.19689898685965	0.0019
-0.31	0.023	47.12388980384689	0.0012
-0.29	0.0154	51.05088062083414	0.0009
-0.28	0.0257	54.97787143782138	0.0006
-0.26	0.02	58.90486225480861	0.0007
-0.25	0.0217	62.83185307179586	0.0005
-0.23	0.0202	66.7588438887831	0.0003
-0.21	0.025	70.68583470577035	0.0005
-0.2	0.0352	74.61282552275757	0.0003
-0.18	0.0491	78.53981633974482	0.0002
-0.17	0.043	82.46680715673207	0.0002
-0.15	0.0274	86.3937979737193	0.0004
-0.13	0.0164	90.32078879070654	0.0
-0.12	0.0131	94.24777960769379	0.0
-0.1	0.0148	98.17477042468103	0.0003
-0.09	0.018	102.10176124166829	0.0002
-0.07	0.0194	106.02875205865551	0.0001
-0.06	0.0065	109.95574287564276	0.0
-0.04	0.0011	113.88273369263	0.0
-0.02	0.0038	117.80972450961723	0.0004
-0.01	0.0004	121.73671532660447	0.0002
0.01	0.001	125.66370614359172	0.0
0.02	0.0029	129.59069696057895	0.0003
0.04	0.0015	133.5176877775662	0.0
0.06	0.0086	137.44467859455344	0.0002
0.07	0.0169	141.3716694115407	0.0
0.09	0.0185	145.29866022852792	0.0001
0.1	0.0147	149.22565104551515	0.0003
0.12	0.0125	153.1526418625024	0.0
0.13	0.0167	157.07963267948963	0.0002
0.15	0.032	161.00662349647686	0.0
0.17	0.0428	164.93361431346415	0.0
0.18	0.0526	168.86060513045138	0.0002
0.2	0.0349	172.7875959474386	0.0004
0.21	0.021	176.71458676442586	0.0
0.23	0.0192	180.6415775814131	0.0003
0.25	0.0248	184.56856839840034	0.0001
0.26	0.0189	188.49555921538757	0.0002
0.28	0.025	192.4225500323748	0.0004
0.29	0.0153	196.34954084936206	0.0
0.31	0.0212	200.27653166634929	0.0001
0.33	0.0162	204.20352248333657	0.0003
0.34	0.0073	208.1305133003238	0.0
0.36	0.0069	212.05750411731103	0.0002
0.37	0.012	215.98449493429828	0.0006
0.39	0.0097	219.9114857512855	0.0007
0.4	0.0046	223.83847656827274	0.0002
0.42	0.0075	227.76546738526	0.0008
0.44	0.0155	231.69245820224722	0.0006
0.45	0.0148	235.61944901923445	0.0003
0.47	0.003	239.5464398362217	0.0012
0.48	0.0029	243.47343065320894	0.0021
0.5	0.0007	247.40042147019622	0.0016
