-0.5	0.0015	0.0	0.0055
-0.48	0.0062	1.636246173744684	0.0167
-0.47	0.0009	3.272492347489368	0.0355
-0.45	0.0008	4.908738521234052	0.1798
-0.44	0.0127	6.544984694978736	0.0417
-0.42	0.0261	8.18123086872342	0.4569
-0.4	0.0045	9.817477042468104	0.1271
-0.39	0.005	11.453723216212788	0.0528
-0.37	0.0076	13.089969389957473	0.0599
-0.36	0.002	14.726215563702155	0.0044
-0.34	0.0118	16.36246173744684	0.0029
-0.33	0.0052	17.998707911191524	0.0015
-0.31	0.0086	19.634954084936208	0.0011
-0.29	0.0156	21.271200258680892	0.0006
-0.28	0.021	22.907446432425576	0.0003
-0.26	0.0131	24.543692606170257	0.0008
-0.25	0.0222	26.179938779914945	0.0003
-0.23	0.0179	27.81618495365963	0.0002
-0.21	0.0093	29.45243112740431	0.0
-0.2	0.0216	31.088677301148994	0.0
-0.18	0.0564	32.72492347489368	0.0003
-0.17	0.0823	34.361169648638366	0.0001
-0.15	0.0371	35.99741582238305	0.0004
-0.13	0.0024	37.63366199612773	0.0003
-0.12	0.0007	39.269908169872416	0.0001
-0.1	0.021	40.906154343617104	0.0001
-0.09	0.0493	42.542400517361784	0.0001
-0.07	0.0282	44.178646691106465	0.0001
-0.06	0.0032	45.81489286485115	0.0
-0.04	0.0002	47.451139038595834	0.0
-0.02	0.0051	49.087385212340514	0.0002
-0.01	0.0013	50.7236313860852	0.0001
0.01	0.0012	52.35987755982989	0.0001
0.02	0.0055	53.99612373357457	0.0
0.04	0.0002	55.63236990731926	0.0
0.06	0.0032	57.26861608106394	0.0001
0.07	0.0319	58.90486225480862	0.0
0.09	0.0527	60.54110842855331	0.0002
0.1	0.0212	62.17735460229799	0.0002
0.12	0.0009	63.813600776042676	0.0001
0.13	0.0015	65.44984694978736	0.0002
0.15	0.0371	67.08609312353204	0.0003
0.17	0.0786	68.72233929727673	0.0001
0.18	0.0549	70.35858547102141	0.0
0.2	0.0176	71.9948316447661	0.0003
0.21	0.0104	73.63107781851078	0.0002
0.23	0.0171	75.26732399225546	0.0003
0.25	0.0206	76.90357016600015	0.0002
0.26	0.0144	78.53981633974483	0.0001
0.28	0.0195	80.17606251348951	0.0002
0.29	0.0122	81.81230868723421	0.0002
0.31	0.0067	83.44855486097889	0.0003
0.33	0.0056	85.08480103472357	0.0003
0.34	0.0122	86.72104720846825	0.0005
0.36	0.0023	88.35729338221293	0.0004
0.37	0.0086	89.99353955595762	0.0002
0.39	0.0056	91.6297857297023	0.0003
0.4	0.006	93.26603190344699	0.0004
0.42	0.0286	94.90227807719167	0.0007
0.44	0.0136	96.53852425093635	0.0005
0.45	0.0018	98.17477042468103	0.0003
0.47	0.0008	99.81101659842572	0.0009
0.48	0.0053	101.4472627721704	0.001
0.5	0.0014	103.0835089459151	0.0016
