-0.5	0.0156	0.0	0.2335
-0.43	0.1162	3.9269908169872414	0.6429
-0.37	0.1657	7.853981633974483	0.0476
-0.3	0.1259	11.780972450961723	0.0122
-0.23	0.0575	15.707963267948966	0.0064
-0.17	0.0161	19.634954084936204	0.0028
-0.1	0.0017	23.561944901923447	0.0028
-0.03	0.0	27.48893571891069	0.002
0.03	0.0003	31.41592653589793	0.0024
0.1	0.0014	35.34291735288517	0.0017
0.17	0.0163	39.26990816987241	0.0028
0.23	0.0615	43.19689898685965	0.0033
0.3	0.1345	47.12388980384689	0.0038
0.37	0.1585	51.05088062083414	0.0051
0.43	0.1103	54.97787143782138	0.0075
0.5	0.0185	58.90486225480861	0.0232
