-0.5	0.0018	0.0	0.0074
-0.48	0.0017	0.9817477042468103	0.0295
-0.47	0.0128	1.9634954084936207	0.0672
-0.45	0.0215	2.945243112740431	0.1737
-0.44	0.0071	3.9269908169872414	0.0393
-0.42	0.008	4.908738521234051	0.3776
-0.4	0.0084	5.890486225480862	0.1117
-0.39	0.0571	6.872233929727672	0.0536
-0.37	0.0659	7.853981633974483	0.1115
-0.36	0.0122	8.835729338221293	0.0037
-0.34	0.0095	9.817477042468102	0.0035
-0.33	0.0124	10.799224746714913	0.0016
-0.31	0.041	11.780972450961723	0.0009
-0.29	0.0342	12.762720155208536	0.0003
-0.28	0.0131	13.744467859455344	0.0008
-0.26	0.0072	14.726215563702153	0.0013
-0.25	0.0175	15.707963267948966	0.0007
-0.23	0.012	16.689710972195776	0.0004
-0.21	0.0007	17.671458676442587	0.0007
-0.2	0.0027	18.653206380689394	0.0003
-0.18	0.0175	19.634954084936204	0.0
-0.17	0.0316	20.61670178918302	0.0003
-0.15	0.0103	21.598449493429825	0.0003
-0.13	0.0106	22.580197197676636	0.0002
-0.12	0.0137	23.561944901923447	0.0001
-0.1	0.0064	24.543692606170257	0.0001
-0.09	0.0265	25.52544031041707	0.0006
-0.07	0.0165	26.50718801466388	0.0002
-0.06	0.0119	27.48893571891069	0.0001
-0.04	0.0048	28.4706834231575	0.0002
-0.02	0.0005	29.452431127404306	0.0001
-0.01	0.0013	30.434178831651117	0.0001
0.01	0.0008	31.41592653589793	0.0003
0.02	0.0001	32.39767424014474	0.0002
0.04	0.0053	33.37942194439155	0.0002
0.06	0.0132	34.36116964863836	0.0001
0.07	0.0157	35.34291735288517	0.0001
0.09	0.0295	36.32466505713198	0.0001
0.1	0.0063	37.30641276137879	0.0003
0.12	0.0157	38.2881604656256	0.0
0.13	0.0107	39.26990816987241	0.0001
0.15	0.0102	40.251655874119216	0.0002
0.17	0.0332	41.23340357836604	0.0001
0.18	0.0166	42.215151282612844	0.0001
0.2	0.0023	43.19689898685965	0.0001
0.21	0.0011	44.178646691106465	0.0
0.23	0.0099	45.16039439535327	0.0001
0.25	0.0174	46.142142099600086	0.0
0.26	0.0069	47.12388980384689	0.0001
0.28	0.0118	48.1056375080937	0.0
0.29	0.031	49.087385212340514	0.0002
0.31	0.0437	50.06913291658732	0.0002
0.33	0.0136	51.05088062083414	0.0002
0.34	0.0087	52.03262832508095	0.0004
0.36	0.0148	53.01437602932776	0.0004
0.37	0.0692	53.99612373357457	0.0004
0.39	0.055	54.97787143782138	0.0007
0.4	0.0086	55.959619142068185	0.0004
0.42	0.0066	56.941366846315	0.0003
0.44	0.0068	57.923114550561806	0.0009
0.45	0.0222	58.90486225480861	0.0008
0.47	0.0118	59.88660995905543	0.001
0.48	0.0017	60.868357663302234	0.0015
0.5	0.0012	61.850105367549055	0.0025
