-0.5	0.0104	0.0	0.2203
-0.43	0.0722	26.179938779914945	0.6593
-0.37	0.1462	52.35987755982989	0.0431
-0.3	0.1634	78.53981633974483	0.0108
-0.23	0.0944	104.71975511965978	0.0055
-0.17	0.0127	130.89969389957471	0.0035
-0.1	0.0012	157.07963267948966	0.0025
-0.03	0.0008	183.2595714594046	0.0023
0.03	0.0017	209.43951023931956	0.0016
0.1	0.0008	235.61944901923448	0.0023
0.17	0.0154	261.79938779914943	0.0024
0.23	0.0924	287.9793265790644	0.0023
0.3	0.1556	314.1592653589793	0.004
0.37	0.1487	340.3392041388943	0.0061
0.43	0.0745	366.5191429188092	0.0098
0.5	0.0096	392.6990816987241	0.0242
