0.0	0.0048
0.38349519697141027	0.0226
0.7669903939428205	0.056
1.1504855909142309	0.172
1.533980787885641	0.0424
1.9174759848570515	0.405
2.3009711818284617	0.1238
2.684466378799872	0.0539
3.067961575771282	0.0952
3.4514567727426924	0.0051
3.834951969714103	0.0021
4.218447166685513	0.0018
4.601942363656923	0.0015
4.985437560628334	0.0007
5.368932757599744	0.0006
5.752427954571154	0.0003
6.135923151542564	0.0001
6.519418348513975	0.0004
6.902913545485385	0.0
7.286408742456795	0.0002
7.669903939428206	0.0001
8.053399136399616	0.0
8.436894333371026	0.0003
8.820389530342435	0.0002
9.203884727313847	0.0003
9.587379924285258	0.0002
9.970875121256668	0.0001
10.354370318228078	0.0001
10.737865515199488	0.0
11.1213607121709	0.0003
11.504855909142307	0.0
11.888351106113719	0.0
12.271846303085129	0.0001
12.65534150005654	0.0
13.03883669702795	0.0004
13.42233189399936	0.0001
13.80582709097077	0.0
14.189322287942181	0.0001
14.57281748491359	0.0001
14.956312681885	0.0002
15.339807878856412	0.0
15.72330307582782	0.0001
16.10679827279923	0.0
16.49029346977064	0.0
16.87378866674205	0.0001
17.257283863713464	0.0001
17.64077906068487	0.0005
18.024274257656284	0.0002
18.407769454627694	0.0001
18.791264651599104	0.0002
19.174759848570517	0.0
19.558255045541923	0.0001
19.941750242513336	0.0001
20.325245439484746	0.0001
20.708740636456156	0.0002
21.092235833427566	0.0005
21.475731030398975	0.0002
21.859226227370385	0.0004
22.2427214243418	0.0002
22.626216621313205	0.0006
23.009711818284615	0.0005
23.393207015256028	0.001
23.776702212227438	0.0018
24.16019740919885	0.0019
