-0.5	0.0036	0.0	0.0288
-0.47	0.0234	19.634954084936208	0.2484
-0.44	0.0436	39.269908169872416	0.3834
-0.4	0.0573	58.90486225480862	0.2502
-0.37	0.0722	78.53981633974483	0.0315
-0.34	0.0748	98.17477042468103	0.0094
-0.31	0.0539	117.80972450961724	0.0045
-0.27	0.0323	137.44467859455344	0.0024
-0.24	0.0324	157.07963267948966	0.0033
-0.21	0.0317	176.71458676442586	0.0013
-0.18	0.0179	196.34954084936206	0.0012
-0.15	0.0153	215.98449493429825	0.0011
-0.11	0.0222	235.61944901923448	0.0008
-0.08	0.0184	255.2544031041707	0.0009
-0.05	0.002	274.8893571891069	0.0009
-0.02	0.0	294.5243112740431	0.0006
0.02	0.0001	314.1592653589793	0.0009
0.05	0.0022	333.79421944391555	0.0007
0.08	0.0183	353.4291735288517	0.0005
0.11	0.0212	373.0641276137879	0.0003
0.15	0.0137	392.6990816987241	0.0004
0.18	0.0165	412.33403578366034	0.0007
0.21	0.0303	431.9689898685965	0.0013
0.24	0.0354	451.60394395353273	0.0013
0.27	0.0338	471.23889803846896	0.0014
0.31	0.0515	490.8738521234052	0.0014
0.34	0.0717	510.5088062083414	0.0011
0.37	0.0729	530.1437602932775	0.0016
0.4	0.0608	549.7787143782137	0.0019
0.44	0.0438	569.41366846315	0.0028
0.47	0.0218	589.0486225480862	0.006
0.5	0.005	608.6835766330224	0.009
