-0.5	0.0018	0.0	0.1475
-0.43	0.0142	392.6990816987241	0.7612
-0.37	0.0354	785.3981633974482	0.0338
-0.3	0.0709	1178.0972450961724	0.0085
-0.23	0.113	1570.7963267948965	0.0051
-0.17	0.1481	1963.4954084936207	0.0039
-0.1	0.0975	2356.194490192345	0.0026
-0.03	0.0152	2748.893571891069	0.0019
0.03	0.0167	3141.592653589793	0.0012
0.1	0.1042	3534.291735288517	0.0023
0.17	0.1511	3926.9908169872415	0.0016
0.23	0.114	4319.689898685965	0.0021
0.3	0.0673	4712.38898038469	0.0029
0.37	0.0373	5105.088062083414	0.004
0.43	0.0117	5497.787143782138	0.0057
0.5	0.0016	5890.486225480861	0.0157
