-0.5	0.0022	0.0	0.1579
-0.43	0.0187	78.53981633974483	0.7458
-0.37	0.0431	157.07963267948966	0.0341
-0.3	0.0823	235.61944901923448	0.009
-0.23	0.135	314.1592653589793	0.0048
-0.17	0.1432	392.6990816987241	0.0029
-0.1	0.0714	471.23889803846896	0.0023
-0.03	0.008	549.7787143782137	0.0025
0.03	0.0087	628.3185307179587	0.0014
0.1	0.0706	706.8583470577034	0.0019
0.17	0.1342	785.3981633974482	0.0023
0.23	0.1373	863.937979737193	0.0025
0.3	0.0788	942.4777960769379	0.0024
0.37	0.0429	1021.0176124166828	0.0039
0.43	0.0209	1099.5574287564275	0.0078
0.5	0.0027	1178.0972450961724	0.0185
