-0.5	0.0016	0.0	0.0051
-0.48	0.0098	3.272492347489368	0.0154
-0.47	0.0015	6.544984694978736	0.0293
-0.45	0.0006	9.817477042468104	0.1959
-0.44	0.0019	13.089969389957473	0.0454
-0.42	0.0034	16.36246173744684	0.4464
-0.4	0.0021	19.634954084936208	0.1305
-0.39	0.0011	22.907446432425576	0.0567
-0.37	0.0035	26.179938779914945	0.0469
-0.36	0.0003	29.45243112740431	0.0041
-0.34	0.0001	32.72492347489368	0.0038
-0.33	0.0036	35.99741582238305	0.0016
-0.31	0.0109	39.269908169872416	0.0012
-0.29	0.01	42.542400517361784	0.0011
-0.28	0.017	45.81489286485115	0.0005
-0.26	0.016	49.087385212340514	0.0006
-0.25	0.0195	52.35987755982989	0.0008
-0.23	0.0301	55.63236990731926	0.0002
-0.21	0.0232	58.90486225480862	0.0004
-0.2	0.0277	62.17735460229799	0.0005
-0.18	0.0525	65.44984694978736	0.0002
-0.17	0.0584	68.72233929727673	0.0003
-0.15	0.0439	71.9948316447661	0.0007
-0.13	0.0242	75.26732399225546	0.0001
-0.12	0.0209	78.53981633974483	0.0003
-0.1	0.0312	81.81230868723421	0.0002
-0.09	0.0354	85.08480103472357	0.0004
-0.07	0.0272	88.35729338221293	0.0003
-0.06	0.0125	91.6297857297023	0.0001
-0.04	0.0034	94.90227807719167	0.0002
-0.02	0.0065	98.17477042468103	0.0001
-0.01	0.0015	101.4472627721704	0.0004
0.01	0.0014	104.71975511965978	0.0002
0.02	0.0065	107.99224746714914	0.0001
0.04	0.0023	111.26473981463852	0.0001
0.06	0.0095	114.53723216212788	0.0002
0.07	0.0288	117.80972450961724	0.0004
0.09	0.0371	121.08221685710662	0.0001
0.1	0.03	124.35470920459598	0.0
0.12	0.0203	127.62720155208535	0.0
0.13	0.023	130.89969389957471	0.0001
0.15	0.0459	134.17218624706408	0.0
0.17	0.0588	137.44467859455347	0.0001
0.18	0.0501	140.71717094204283	0.0002
0.2	0.0328	143.9896632895322	0.0
0.21	0.0215	147.26215563702155	0.0002
0.23	0.03	150.5346479845109	0.0002
0.25	0.022	153.8071403320003	0.0
0.26	0.015	157.07963267948966	0.0001
0.28	0.0158	160.35212502697902	0.0002
0.29	0.0098	163.62461737446841	0.0
0.31	0.009	166.89710972195778	0.0004
0.33	0.0046	170.16960206944714	0.0002
0.34	0.0	173.4420944169365	0.0002
0.36	0.0003	176.71458676442586	0.0001
0.37	0.0022	179.98707911191525	0.0
0.39	0.0022	183.2595714594046	0.0004
0.4	0.0022	186.53206380689397	0.0003
0.42	0.0034	189.80455615438333	0.0004
0.44	0.0017	193.0770485018727	0.0005
0.45	0.001	196.34954084936206	0.0006
0.47	0.0008	199.62203319685145	0.0015
0.48	0.0087	202.8945255443408	0.0019
0.5	0.0018	206.1670178918302	0.0016
