-0.5	0.0052	0.0	0.032
-0.47	0.0257	9.817477042468104	0.2375
-0.44	0.0256	19.634954084936208	0.3873
-0.4	0.0324	29.45243112740431	0.2476
-0.37	0.0693	39.269908169872416	0.0351
-0.34	0.079	49.087385212340514	0.0092
-0.31	0.036	58.90486225480862	0.0045
-0.27	0.0232	68.72233929727672	0.0028
-0.24	0.0467	78.53981633974483	0.0028
-0.21	0.0427	88.35729338221293	0.0017
-0.18	0.0228	98.17477042468103	0.0013
-0.15	0.0268	107.99224746714913	0.001
-0.11	0.0412	117.80972450961724	0.001
-0.08	0.0278	127.62720155208535	0.0009
-0.05	0.0056	137.44467859455344	0.0007
-0.02	0.002	147.26215563702155	0.0015
0.02	0.0015	157.07963267948966	0.0009
0.05	0.0067	166.89710972195778	0.0003
0.08	0.0283	176.71458676442586	0.0005
0.11	0.0372	186.53206380689394	0.0006
0.15	0.0233	196.34954084936206	0.0006
0.18	0.0209	206.16701789183017	0.0007
0.21	0.0436	215.98449493429825	0.0007
0.24	0.0441	225.80197197676637	0.0007
0.27	0.0238	235.61944901923448	0.0013
0.31	0.0376	245.4369260617026	0.0012
0.34	0.069	255.2544031041707	0.0009
0.37	0.0719	265.07188014663876	0.0014
0.4	0.0327	274.8893571891069	0.0031
0.44	0.0214	284.706834231575	0.0042
0.47	0.0222	294.5243112740431	0.0061
0.5	0.0038	304.3417883165112	0.0099
