-0.5	0.0026	0.0	0.1327
-0.43	0.0129	6.544984694978736	0.776
-0.37	0.0188	13.089969389957473	0.0332
-0.3	0.0351	19.634954084936208	0.0084
-0.23	0.0944	26.179938779914945	0.0058
-0.17	0.169	32.72492347489368	0.0035
-0.1	0.1419	39.269908169872416	0.0026
-0.03	0.0239	45.81489286485115	0.0017
0.03	0.0231	52.35987755982989	0.0018
0.1	0.1422	58.90486225480862	0.0019
0.17	0.1756	65.44984694978736	0.0026
0.23	0.0987	71.9948316447661	0.0017
0.3	0.0319	78.53981633974483	0.0023
0.37	0.0159	85.08480103472357	0.0033
0.43	0.0107	91.6297857297023	0.0058
0.5	0.0033	98.17477042468103	0.0167
