-0.5	0.0021	0.0	0.0321
-0.47	0.0177	4.363323129985824	0.2506
-0.44	0.0345	8.726646259971648	0.3851
-0.4	0.0566	13.089969389957473	0.2468
-0.37	0.0783	17.453292519943297	0.0281
-0.34	0.0914	21.81661564992912	0.0107
-0.31	0.0794	26.179938779914945	0.0042
-0.27	0.0636	30.543261909900767	0.0029
-0.24	0.0448	34.90658503988659	0.002
-0.21	0.023	39.269908169872416	0.0011
-0.18	0.0118	43.63323129985824	0.0004
-0.15	0.0029	47.99655442984406	0.0011
-0.11	0.0005	52.35987755982989	0.0007
-0.08	0.0	56.72320068981572	0.0005
-0.05	0.0004	61.086523819801535	0.0011
-0.02	0.0001	65.44984694978736	0.0008
0.02	0.0003	69.81317007977319	0.0004
0.05	0.0003	74.17649320975902	0.0008
0.08	0.0	78.53981633974483	0.0009
0.11	0.0006	82.90313946973065	0.0009
0.15	0.0038	87.26646259971648	0.0005
0.18	0.0101	91.6297857297023	0.0011
0.21	0.0234	95.99310885968812	0.0005
0.24	0.0441	100.35643198967395	0.0007
0.27	0.0604	104.71975511965978	0.001
0.31	0.077	109.08307824964561	0.0012
0.34	0.086	113.44640137963144	0.002
0.37	0.0756	117.80972450961724	0.0014
0.4	0.0558	122.17304763960307	0.0025
0.44	0.036	126.5363707695889	0.0028
0.47	0.0161	130.89969389957471	0.0047
0.5	0.0034	135.26301702956053	0.0104
