-0.5	0.0181	0.0	0.2262
-0.43	0.113	9.817477042468104	0.648
-0.37	0.16	19.634954084936208	0.0516
-0.3	0.1027	29.45243112740431	0.0134
-0.23	0.0589	39.269908169872416	0.0066
-0.17	0.031	49.087385212340514	0.0041
-0.1	0.0199	58.90486225480862	0.0035
-0.03	0.0026	68.72233929727672	0.0024
0.03	0.0022	78.53981633974483	0.0009
0.1	0.015	88.35729338221293	0.0023
0.17	0.032	98.17477042468103	0.0019
0.23	0.0564	107.99224746714913	0.0018
0.3	0.105	117.80972450961724	0.0021
0.37	0.1483	127.62720155208535	0.004
0.43	0.1169	137.44467859455344	0.0086
0.5	0.018	147.26215563702155	0.0226
