-0.5	0.0023	0.0	0.0076
-0.48	0.0067	1.9634954084936207	0.0243
-0.47	0.0091	3.9269908169872414	0.0611
-0.45	0.0161	5.890486225480862	0.1873
-0.44	0.0104	7.853981633974483	0.0376
-0.42	0.0032	9.817477042468102	0.3708
-0.4	0.0097	11.780972450961723	0.1225
-0.39	0.0419	13.744467859455344	0.0566
-0.37	0.0523	15.707963267948966	0.106
-0.36	0.013	17.671458676442587	0.005
-0.34	0.0057	19.634954084936204	0.0038
-0.33	0.0135	21.598449493429825	0.0018
-0.31	0.0369	23.561944901923447	0.0005
-0.29	0.0356	25.52544031041707	0.0008
-0.28	0.0306	27.48893571891069	0.0009
-0.26	0.0171	29.452431127404306	0.0005
-0.25	0.0194	31.41592653589793	0.0004
-0.23	0.0126	33.37942194439155	0.0003
-0.21	0.0021	35.34291735288517	0.0003
-0.2	0.0131	37.30641276137879	0.0004
-0.18	0.0287	39.26990816987241	0.0
-0.17	0.0266	41.23340357836604	0.0003
-0.15	0.0073	43.19689898685965	0.0004
-0.13	0.011	45.16039439535327	0.0003
-0.12	0.0172	47.12388980384689	0.0001
-0.1	0.0039	49.087385212340514	0.0002
-0.09	0.016	51.05088062083414	0.0002
-0.07	0.0183	53.01437602932776	0.0001
-0.06	0.0187	54.97787143782138	0.0
-0.04	0.0033	56.941366846315	0.0004
-0.02	0.004	58.90486225480861	0.0
-0.01	0.0012	60.868357663302234	0.0
0.01	0.0006	62.83185307179586	0.0001
0.02	0.0038	64.79534848028948	0.0
0.04	0.0041	66.7588438887831	0.0004
0.06	0.0164	68.72233929727672	0.0001
0.07	0.0176	70.68583470577035	0.0001
0.09	0.0136	72.64933011426396	0.0
0.1	0.0044	74.61282552275757	0.0003
0.12	0.0138	76.5763209312512	0.0002
0.13	0.0097	78.53981633974482	0.0
0.15	0.0075	80.50331174823843	0.0002
0.17	0.0242	82.46680715673207	0.0001
0.18	0.0301	84.43030256522569	0.0001
0.2	0.0129	86.3937979737193	0.0002
0.21	0.0025	88.35729338221293	0.0
0.23	0.012	90.32078879070654	0.0002
0.25	0.0228	92.28428419920017	0.0005
0.26	0.016	94.24777960769379	0.0001
0.28	0.0311	96.2112750161874	0.0
0.29	0.0333	98.17477042468103	0.0002
0.31	0.0361	100.13826583317464	0.0
0.33	0.0129	102.10176124166829	0.0003
0.34	0.0051	104.0652566501619	0.0001
0.36	0.0119	106.02875205865551	0.0003
0.37	0.0525	107.99224746714914	0.0002
0.39	0.0453	109.95574287564276	0.0004
0.4	0.0095	111.91923828413637	0.0002
0.42	0.0038	113.88273369263	0.0004
0.44	0.0074	115.84622910112361	0.0003
0.45	0.0166	117.80972450961723	0.0006
0.47	0.0073	119.77321991811085	0.0005
0.48	0.0058	121.73671532660447	0.0011
0.5	0.0019	123.70021073509811	0.0023
