-0.5	0.0016	0.0	0.0282
-0.47	0.0188	4.908738521234052	0.2492
-0.44	0.0467	9.817477042468104	0.3827
-0.4	0.0637	14.726215563702155	0.2514
-0.37	0.0832	19.634954084936208	0.0275
-0.34	0.0708	24.543692606170257	0.0112
-0.31	0.0621	29.45243112740431	0.0048
-0.27	0.0457	34.36116964863836	0.0045
-0.24	0.035	39.269908169872416	0.0019
-0.21	0.0226	44.178646691106465	0.002
-0.18	0.0162	49.087385212340514	0.0014
-0.15	0.0116	53.996123733574564	0.0014
-0.11	0.0087	58.90486225480862	0.0006
-0.08	0.0032	63.813600776042676	0.0003
-0.05	0.0023	68.72233929727672	0.001
-0.02	0.0003	73.63107781851078	0.0012
0.02	0.0007	78.53981633974483	0.0007
0.05	0.0014	83.44855486097889	0.0005
0.08	0.0041	88.35729338221293	0.0008
0.11	0.0072	93.26603190344697	0.0005
0.15	0.0134	98.17477042468103	0.0008
0.18	0.0153	103.08350894591509	0.0008
0.21	0.0259	107.99224746714913	0.0011
0.24	0.0358	112.90098598838318	0.0005
0.27	0.0469	117.80972450961724	0.0016
0.31	0.063	122.7184630308513	0.0014
0.34	0.0797	127.62720155208535	0.0011
0.37	0.0777	132.53594007331938	0.0019
0.4	0.0667	137.44467859455344	0.0027
0.44	0.0459	142.3534171157875	0.0038
0.47	0.0221	147.26215563702155	0.0047
0.5	0.0017	152.1708941582556	0.0078
