-0.5	0.0	0.0	0.0253
-0.47	0.0011	2.181661564992912	0.2047
-0.44	0.0122	4.363323129985824	0.4796
-0.4	0.0136	6.544984694978736	0.2005
-0.37	0.0077	8.726646259971648	0.0267
-0.34	0.0161	10.90830782496456	0.009
-0.31	0.0242	13.089969389957473	0.0055
-0.27	0.038	15.271630954950384	0.0032
-0.24	0.0702	17.453292519943297	0.0022
-0.21	0.0806	19.634954084936208	0.0012
-0.18	0.0728	21.81661564992912	0.0013
-0.15	0.0578	23.99827721492203	0.0013
-0.11	0.0614	26.179938779914945	0.0012
-0.08	0.0361	28.36160034490786	0.001
-0.05	0.0074	30.543261909900767	0.0012
-0.02	0.0005	32.72492347489368	0.0008
0.02	0.0005	34.90658503988659	0.0011
0.05	0.008	37.08824660487951	0.0009
0.08	0.0367	39.269908169872416	0.001
0.11	0.0599	41.45156973486532	0.0003
0.15	0.0665	43.63323129985824	0.0014
0.18	0.0689	45.81489286485115	0.001
0.21	0.0823	47.99655442984406	0.0008
0.24	0.0676	50.178215994836975	0.0013
0.27	0.0343	52.35987755982989	0.001
0.31	0.0214	54.541539124822805	0.0012
0.34	0.0146	56.72320068981572	0.0015
0.37	0.0097	58.90486225480862	0.0014
0.4	0.016	61.086523819801535	0.0023
0.44	0.0124	63.26818538479445	0.0036
0.47	0.0015	65.44984694978736	0.0048
0.5	0.0	67.63150851478026	0.0117
