-0.5	0.0013	0.0	0.0277
-0.47	0.0026	6.544984694978736	0.1887
-0.44	0.0006	13.089969389957473	0.5037
-0.4	0.001	19.634954084936208	0.1857
-0.37	0.0074	26.179938779914945	0.0285
-0.34	0.0077	32.72492347489368	0.0113
-0.31	0.0064	39.269908169872416	0.0062
-0.27	0.0196	45.81489286485115	0.0032
-0.24	0.0469	52.35987755982989	0.0023
-0.21	0.0762	58.90486225480862	0.0022
-0.18	0.0746	65.44984694978736	0.0012
-0.15	0.0815	71.9948316447661	0.0013
-0.11	0.0897	78.53981633974483	0.0011
-0.08	0.0628	85.08480103472357	0.0012
-0.05	0.0209	91.6297857297023	0.0008
-0.02	0.0012	98.17477042468103	0.0008
0.02	0.0012	104.71975511965978	0.0011
0.05	0.0183	111.26473981463852	0.0011
0.08	0.0591	117.80972450961724	0.0011
0.11	0.0896	124.35470920459598	0.0005
0.15	0.0811	130.89969389957471	0.001
0.18	0.0714	137.44467859455347	0.0015
0.21	0.0745	143.9896632895322	0.001
0.24	0.0502	150.5346479845109	0.0012
0.27	0.0198	157.07963267948966	0.001
0.31	0.0091	163.62461737446841	0.0008
0.34	0.0112	170.16960206944714	0.0012
0.37	0.0071	176.71458676442586	0.002
0.4	0.0015	183.2595714594046	0.0024
0.44	0.0009	189.80455615438333	0.0036
0.47	0.0029	196.34954084936206	0.0047
0.5	0.0017	202.8945255443408	0.0099
