-0.5	0.0013	0.0	0.028
-0.47	0.0035	3.272492347489368	0.2
-0.44	0.0064	6.544984694978736	0.4787
-0.4	0.0074	9.817477042468104	0.198
-0.37	0.0107	13.089969389957473	0.0296
-0.34	0.0146	16.36246173744684	0.0096
-0.31	0.0082	19.634954084936208	0.0066
-0.27	0.0186	22.907446432425576	0.0032
-0.24	0.0642	26.179938779914945	0.0025
-0.21	0.0902	29.45243112740431	0.0031
-0.18	0.0612	32.72492347489368	0.0019
-0.15	0.0603	35.99741582238305	0.0012
-0.11	0.0811	39.269908169872416	0.0012
-0.08	0.0526	42.542400517361784	0.0008
-0.05	0.0098	45.81489286485115	0.0011
-0.02	0.0002	49.087385212340514	0.0011
0.02	0.0002	52.35987755982989	0.001
0.05	0.0091	55.63236990731926	0.0008
0.08	0.0618	58.90486225480862	0.0009
0.11	0.081	62.17735460229799	0.0008
0.15	0.0653	65.44984694978736	0.0003
0.18	0.0659	68.72233929727673	0.0008
0.21	0.0889	71.9948316447661	0.0012
0.24	0.0625	75.26732399225546	0.0013
0.27	0.021	78.53981633974483	0.0016
0.31	0.0097	81.81230868723421	0.0012
0.34	0.0142	85.08480103472357	0.0013
0.37	0.0101	88.35729338221293	0.0019
0.4	0.0089	91.6297857297023	0.0024
0.44	0.0078	94.90227807719167	0.0035
0.47	0.0025	98.17477042468103	0.0054
0.5	0.0008	101.4472627721704	0.009
