-0.5	0.0	0.0	0.0042
-0.48	0.0006	98.17477042468103	0.0173
-0.47	0.0014	196.34954084936206	0.0373
-0.45	0.0038	294.5243112740431	0.2332
-0.44	0.0057	392.6990816987241	0.0372
-0.42	0.0106	490.8738521234052	0.3678
-0.4	0.0113	589.0486225480862	0.1519
-0.39	0.0139	687.2233929727672	0.0625
-0.37	0.0159	785.3981633974482	0.0606
-0.36	0.0183	883.5729338221292	0.005
-0.34	0.0211	981.7477042468104	0.0021
-0.33	0.0214	1079.9224746714913	0.0019
-0.31	0.0239	1178.0972450961724	0.0013
-0.29	0.0238	1276.2720155208535	0.001
-0.28	0.0257	1374.4467859455344	0.0005
-0.26	0.0277	1472.6215563702153	0.0006
-0.25	0.0299	1570.7963267948965	0.0003
-0.23	0.0295	1668.9710972195776	0.0004
-0.21	0.0298	1767.1458676442585	0.0006
-0.2	0.0306	1865.3206380689396	0.0003
-0.18	0.0262	1963.4954084936207	0.0004
-0.17	0.0274	2061.6701789183016	0.0005
-0.15	0.0257	2159.8449493429825	0.0001
-0.13	0.019	2258.0197197676634	0.0003
-0.12	0.0173	2356.194490192345	0.0001
-0.1	0.0144	2454.369260617026	0.0002
-0.09	0.0099	2552.544031041707	0.0003
-0.07	0.0073	2650.718801466388	0.0
-0.06	0.0032	2748.893571891069	0.0002
-0.04	0.003	2847.06834231575	0.0001
-0.02	0.0003	2945.2431127404307	0.0004
-0.01	0.0001	3043.417883165112	0.0001
0.01	0.0	3141.592653589793	0.0
0.02	0.0008	3239.7674240144743	0.0003
0.04	0.0025	3337.942194439155	0.0
0.06	0.004	3436.116964863836	0.0001
0.07	0.0053	3534.291735288517	0.0001
0.09	0.011	3632.4665057131983	0.0003
0.1	0.0133	3730.6412761378792	0.0
0.12	0.0172	3828.81604656256	0.0002
0.13	0.0217	3926.9908169872415	0.0
0.15	0.0247	4025.165587411922	0.0005
0.17	0.0241	4123.340357836603	0.0
0.18	0.0314	4221.515128261284	0.0004
0.2	0.0312	4319.689898685965	0.0001
0.21	0.0275	4417.864669110647	0.0002
0.23	0.0282	4516.039439535327	0.0004
0.25	0.0271	4614.214209960009	0.0
0.26	0.0288	4712.38898038469	0.0001
0.28	0.0272	4810.5637508093705	0.0001
0.29	0.0289	4908.738521234052	0.0002
0.31	0.0239	5006.913291658732	0.0004
0.33	0.0236	5105.088062083414	0.0004
0.34	0.0217	5203.262832508095	0.0002
0.36	0.0189	5301.437602932776	0.0004
0.37	0.0159	5399.612373357457	0.0002
0.39	0.0119	5497.787143782138	0.0004
0.4	0.0106	5595.961914206819	0.0003
0.42	0.0086	5694.1366846315	0.0002
0.44	0.0056	5792.31145505618	0.0005
0.45	0.0033	5890.486225480861	0.0009
0.47	0.0014	5988.660995905543	0.0006
0.48	0.0009	6086.835766330224	0.0012
0.5	0.0001	6185.010536754906	0.0026
