-0.5	0.0023	0.0	0.0074
-0.48	0.0126	2.804993440705172	0.0187
-0.47	0.0033	5.609986881410344	0.0425
-0.45	0.0017	8.414980322115516	0.1868
-0.44	0.0001	11.219973762820688	0.0461
-0.42	0.003	14.024967203525861	0.4286
-0.4	0.0076	16.829960644231033	0.1252
-0.39	0.0139	19.634954084936204	0.0559
-0.37	0.016	22.439947525641376	0.0624
-0.36	0.0091	25.24494096634655	0.0036
-0.34	0.0052	28.049934407051722	0.0032
-0.33	0.0016	30.85492784775689	0.0014
-0.31	0.0124	33.659921288462066	0.0012
-0.29	0.0218	36.46491472916724	0.0009
-0.28	0.0328	39.26990816987241	0.0017
-0.26	0.021	42.07490161057758	0.0004
-0.25	0.0123	44.87989505128275	0.0006
-0.23	0.0234	47.68488849198793	0.0003
-0.21	0.0132	50.4898819326931	0.0004
-0.2	0.0182	53.29487537339827	0.0005
-0.18	0.0326	56.099868814103445	0.0002
-0.17	0.0479	58.90486225480862	0.0002
-0.15	0.0397	61.70985569551378	0.0002
-0.13	0.0168	64.51484913621896	0.0001
-0.12	0.0224	67.31984257692413	0.0001
-0.1	0.0322	70.1248360176293	0.0002
-0.09	0.034	72.92982945833448	0.0
-0.07	0.0146	75.73482289903964	0.0
-0.06	0.0045	78.53981633974482	0.0001
-0.04	0.0059	81.34480978044999	0.0003
-0.02	0.0133	84.14980322115515	0.0004
-0.01	0.0042	86.95479666186033	0.0001
0.01	0.0033	89.7597901025655	0.0002
0.02	0.0115	92.56478354327068	0.0001
0.04	0.0055	95.36977698397585	0.0002
0.06	0.0046	98.17477042468103	0.0003
0.07	0.0163	100.9797638653862	0.0001
0.09	0.0403	103.78475730609138	0.0002
0.1	0.033	106.58975074679654	0.0001
0.12	0.0181	109.39474418750171	0.0002
0.13	0.0208	112.19973762820689	0.0001
0.15	0.0391	115.00473106891205	0.0001
0.17	0.044	117.80972450961724	0.0002
0.18	0.0311	120.6147179503224	0.0001
0.2	0.0189	123.41971139102756	0.0002
0.21	0.0129	126.22470483173275	0.0
0.23	0.0217	129.0296982724379	0.0
0.25	0.015	131.8346917131431	0.0
0.26	0.0219	134.63968515384826	0.0001
0.28	0.0288	137.44467859455344	0.0002
0.29	0.0238	140.2496720352586	0.0003
0.31	0.0108	143.0546654759638	0.0002
0.33	0.0017	145.85965891666896	0.0
0.34	0.0069	148.66465235737414	0.0006
0.36	0.0115	151.46964579807928	0.0001
0.37	0.0176	154.2746392387845	0.0003
0.39	0.0121	157.07963267948963	0.0004
0.4	0.0077	159.8846261201948	0.0001
0.42	0.003	162.68961956089998	0.0005
0.44	0.0003	165.49461300160516	0.0009
0.45	0.0012	168.2996064423103	0.001
0.47	0.0041	171.1045998830155	0.0007
0.48	0.0103	173.90959332372066	0.0014
0.5	0.0026	176.71458676442586	0.0014
