-0.5	0.0038	0.0	0.1671
-0.43	0.0297	11.219973762820688	0.7333
-0.37	0.0587	22.439947525641376	0.0368
-0.3	0.0929	33.659921288462066	0.0105
-0.23	0.1221	44.87989505128275	0.0057
-0.17	0.1203	56.099868814103445	0.0028
-0.1	0.0655	67.31984257692413	0.0021
-0.03	0.0102	78.53981633974482	0.0031
0.03	0.0094	89.7597901025655	0.0019
0.1	0.0654	100.9797638653862	0.0006
0.17	0.1158	112.19973762820689	0.0024
0.23	0.1292	123.41971139102756	0.0023
0.3	0.0919	134.63968515384826	0.0035
0.37	0.0548	145.85965891666896	0.0036
0.43	0.0275	157.07963267948963	0.0066
0.5	0.0028	168.2996064423103	0.0177
