-0.5	0.0179	0.0	0.2132
-0.43	0.0975	39.269908169872416	0.6687
-0.37	0.1388	78.53981633974483	0.0438
-0.3	0.1047	117.80972450961724	0.0101
-0.23	0.0589	157.07963267948966	0.0054
-0.17	0.0539	196.34954084936206	0.0038
-0.1	0.0333	235.61944901923448	0.0028
-0.03	0.006	274.8893571891069	0.0024
0.03	0.0046	314.1592653589793	0.0016
0.1	0.0311	353.4291735288517	0.0013
0.17	0.045	392.6990816987241	0.0021
0.23	0.0592	431.9689898685965	0.0024
0.3	0.0984	471.23889803846896	0.003
0.37	0.1329	510.5088062083414	0.0052
0.43	0.1017	549.7787143782137	0.0101
0.5	0.0161	589.0486225480862	0.0241
