-0.5	0.0053	0.0	0.03
-0.47	0.0219	2.804993440705172	0.2611
-0.44	0.0318	5.609986881410344	0.3621
-0.4	0.0481	8.414980322115516	0.258
-0.37	0.089	11.219973762820688	0.0361
-0.34	0.0904	14.024967203525861	0.0106
-0.31	0.061	16.829960644231033	0.0041
-0.27	0.0507	19.634954084936204	0.0029
-0.24	0.0528	22.439947525641376	0.0017
-0.21	0.0314	25.24494096634655	0.0019
-0.18	0.0103	28.049934407051722	0.0011
-0.15	0.0053	30.85492784775689	0.0009
-0.11	0.0025	33.659921288462066	0.001
-0.08	0.0005	36.46491472916724	0.0006
-0.05	0.0008	39.26990816987241	0.0008
-0.02	0.0011	42.07490161057758	0.0005
0.02	0.0004	44.87989505128275	0.0006
0.05	0.0019	47.68488849198793	0.0012
0.08	0.0004	50.4898819326931	0.0005
0.11	0.0017	53.29487537339827	0.0006
0.15	0.0043	56.099868814103445	0.0007
0.18	0.0115	58.90486225480862	0.0005
0.21	0.0332	61.70985569551378	0.0006
0.24	0.0483	64.51484913621896	0.001
0.27	0.046	67.31984257692413	0.0002
0.31	0.0613	70.1248360176293	0.0005
0.34	0.0978	72.92982945833448	0.0017
0.37	0.0861	75.73482289903964	0.0016
0.4	0.0493	78.53981633974482	0.0015
0.44	0.0299	81.34480978044999	0.0022
0.47	0.0203	84.14980322115515	0.0045
0.5	0.0047	86.95479666186033	0.0087
