-0.5	0.006	0.0	0.0306
-0.47	0.023	13.089969389957473	0.2577
-0.44	0.0236	26.179938779914945	0.3645
-0.4	0.0374	39.269908169872416	0.2521
-0.37	0.0812	52.35987755982989	0.0326
-0.34	0.1032	65.44984694978736	0.0098
-0.31	0.0731	78.53981633974483	0.0053
-0.27	0.0502	91.6297857297023	0.0025
-0.24	0.0591	104.71975511965978	0.0033
-0.21	0.036	117.80972450961724	0.002
-0.18	0.0039	130.89969389957471	0.0012
-0.15	0.001	143.9896632895322	0.0015
-0.11	0.0004	157.07963267948966	0.0011
-0.08	0.0002	170.16960206944714	0.001
-0.05	0.0039	183.2595714594046	0.001
-0.02	0.003	196.34954084936206	0.0011
0.02	0.0012	209.43951023931956	0.0003
0.05	0.0048	222.52947962927703	0.0012
0.08	0.0	235.61944901923448	0.0011
0.11	0.0004	248.70941840919195	0.001
0.15	0.0004	261.79938779914943	0.0006
0.18	0.0051	274.88935718910693	0.0012
0.21	0.0317	287.9793265790644	0.0005
0.24	0.0609	301.0692959690218	0.0005
0.27	0.0519	314.1592653589793	0.001
0.31	0.0726	327.24923474893683	0.0016
0.34	0.1045	340.3392041388943	0.0016
0.37	0.0828	353.4291735288517	0.0014
0.4	0.0353	366.5191429188092	0.0017
0.44	0.0202	379.60911230876667	0.0038
0.47	0.0189	392.6990816987241	0.0051
0.5	0.0041	405.7890510886816	0.0101
