-0.5	0.0007	0.0	0.0067
-0.48	0.0072	9.817477042468104	0.0255
-0.47	0.0086	19.634954084936208	0.0615
-0.45	0.0132	29.45243112740431	0.2324
-0.44	0.0152	39.269908169872416	0.037
-0.42	0.0208	49.087385212340514	0.3001
-0.4	0.0339	58.90486225480862	0.1524
-0.39	0.0363	68.72233929727672	0.0637
-0.37	0.0377	78.53981633974483	0.0892
-0.36	0.0335	88.35729338221293	0.0049
-0.34	0.034	98.17477042468103	0.0033
-0.33	0.0221	107.99224746714913	0.0018
-0.31	0.0276	117.80972450961724	0.0012
-0.29	0.0237	127.62720155208535	0.0018
-0.28	0.0261	137.44467859455344	0.0006
-0.26	0.0183	147.26215563702155	0.0004
-0.25	0.0178	157.07963267948966	0.0003
-0.23	0.0162	166.89710972195778	0.0005
-0.21	0.0176	176.71458676442586	0.0003
-0.2	0.013	186.53206380689394	0.0005
-0.18	0.012	196.34954084936206	0.0003
-0.17	0.0128	206.16701789183017	0.0
-0.15	0.0156	215.98449493429825	0.0001
-0.13	0.0105	225.80197197676637	0.0001
-0.12	0.0087	235.61944901923448	0.0003
-0.1	0.0081	245.4369260617026	0.0
-0.09	0.006	255.2544031041707	0.0002
-0.07	0.0022	265.07188014663876	0.0003
-0.06	0.001	274.8893571891069	0.0002
-0.04	0.0019	284.706834231575	0.0
-0.02	0.0021	294.5243112740431	0.0
-0.01	0.001	304.3417883165112	0.0
0.01	0.0006	314.1592653589793	0.0
0.02	0.0026	323.97674240144744	0.0002
0.04	0.0028	333.79421944391555	0.0003
0.06	0.0009	343.6116964863836	0.0
0.07	0.0022	353.4291735288517	0.0002
0.09	0.0056	363.24665057131983	0.0
0.1	0.0094	373.0641276137879	0.0002
0.12	0.0083	382.881604656256	0.0003
0.13	0.012	392.6990816987241	0.0006
0.15	0.0127	402.5165587411922	0.0001
0.17	0.0136	412.33403578366034	0.0002
0.18	0.0138	422.15151282612845	0.0005
0.2	0.0109	431.9689898685965	0.0002
0.21	0.0121	441.7864669110647	0.0003
0.23	0.0164	451.60394395353273	0.0001
0.25	0.0193	461.4214209960009	0.0001
0.26	0.0155	471.23889803846896	0.0003
0.28	0.0259	481.056375080937	0.0002
0.29	0.0267	490.8738521234052	0.0002
0.31	0.0281	500.69132916587324	0.0
0.33	0.0226	510.5088062083414	0.0001
0.34	0.0354	520.3262832508095	0.0005
0.36	0.0327	530.1437602932775	0.0004
0.37	0.036	539.9612373357457	0.0003
0.39	0.0335	549.7787143782137	0.0003
0.4	0.0284	559.5961914206819	0.0005
0.42	0.0203	569.41366846315	0.001
0.44	0.0172	579.2311455056181	0.0006
0.45	0.0118	589.0486225480862	0.0013
0.47	0.0083	598.8660995905543	0.0011
0.48	0.0081	608.6835766330224	0.0016
0.5	0.0009	618.5010536754905	0.0027
