-0.5	0.0007	0.0	0.0272
-0.47	0.0033	7.853981633974483	0.2079
-0.44	0.0132	15.707963267948966	0.4589
-0.4	0.0154	23.561944901923447	0.2147
-0.37	0.0167	31.41592653589793	0.0266
-0.34	0.0238	39.26990816987241	0.0095
-0.31	0.0211	47.12388980384689	0.0066
-0.27	0.0288	54.97787143782138	0.0033
-0.24	0.0762	62.83185307179586	0.0022
-0.21	0.087	70.68583470577035	0.0015
-0.18	0.0631	78.53981633974482	0.0018
-0.15	0.047	86.3937979737193	0.0018
-0.11	0.0619	94.24777960769379	0.0007
-0.08	0.0385	102.10176124166829	0.001
-0.05	0.0039	109.95574287564276	0.0013
-0.02	0.0	117.80972450961723	0.001
0.02	0.0	125.66370614359172	0.0007
0.05	0.0051	133.5176877775662	0.0006
0.08	0.0366	141.3716694115407	0.0004
0.11	0.0627	149.22565104551515	0.0006
0.15	0.0484	157.07963267948963	0.0009
0.18	0.0575	164.93361431346415	0.0007
0.21	0.09	172.7875959474386	0.0006
0.24	0.0758	180.6415775814131	0.0007
0.27	0.0327	188.49555921538757	0.0009
0.31	0.0197	196.34954084936206	0.0009
0.34	0.0235	204.20352248333657	0.0019
0.37	0.0148	212.05750411731103	0.0028
0.4	0.0171	219.9114857512855	0.0021
0.44	0.0121	227.76546738526	0.0039
0.47	0.0027	235.61944901923445	0.006
0.5	0.0007	243.47343065320894	0.0103
