-0.5	0.0098	0.0	0.2232
-0.43	0.0761	8.726646259971648	0.6626
-0.37	0.15	17.453292519943297	0.0422
-0.3	0.1558	26.179938779914945	0.0104
-0.23	0.0928	34.90658503988659	0.0054
-0.17	0.0224	43.63323129985824	0.0031
-0.1	0.0022	52.35987755982989	0.0033
-0.03	0.0009	61.086523819801535	0.0016
0.03	0.0004	69.81317007977319	0.0022
0.1	0.0021	78.53981633974483	0.0019
0.17	0.0195	87.26646259971648	0.0019
0.23	0.0848	95.99310885968812	0.0026
0.3	0.1491	104.71975511965978	0.0028
0.37	0.147	113.44640137963144	0.0047
0.43	0.0763	122.17304763960307	0.0092
0.5	0.0108	130.89969389957471	0.0229
