0.0	0.0059
0.09587379924285257	0.0162
0.19174759848570513	0.0324
0.2876213977285577	0.1761
0.38349519697141027	0.044
0.4793689962142629	0.4687
0.5752427954571154	0.1218
0.671116594699968	0.0541
0.7669903939428205	0.0535
0.8628641931856731	0.0047
0.9587379924285258	0.0041
1.0546117916713782	0.0011
1.1504855909142309	0.001
1.2463593901570835	0.0007
1.342233189399936	0.0006
1.4381069886427884	0.0005
1.533980787885641	0.0003
1.6298545871284937	0.0006
1.7257283863713462	0.0005
1.8216021856141988	0.0002
1.9174759848570515	0.0003
2.013349784099904	0.0001
2.1092235833427564	0.0003
2.205097382585609	0.0001
2.3009711818284617	0.0001
2.3968449810713146	0.0004
2.492718780314167	0.0003
2.5885925795570195	0.0
2.684466378799872	0.0002
2.780340178042725	0.0001
2.876213977285577	0.0003
2.9720877765284297	0.0002
3.067961575771282	0.0
3.163835375014135	0.0
3.2597091742569875	0.0
3.35558297349984	0.0002
3.4514567727426924	0.0001
3.5473305719855452	0.0002
3.6432043712283977	0.0004
3.73907817047125	0.0002
3.834951969714103	0.0001
3.930825768956955	0.0
4.026699568199808	0.0003
4.12257336744266	0.0002
4.218447166685513	0.0001
4.314320965928366	0.0001
4.410194765171218	0.0001
4.506068564414071	0.0004
4.601942363656923	0.0001
4.697816162899776	0.0003
4.793689962142629	0.0002
4.889563761385481	0.0001
4.985437560628334	0.0003
5.0813113598711865	0.0004
5.177185159114039	0.0001
5.273058958356891	0.0005
5.368932757599744	0.0004
5.464806556842596	0.0005
5.56068035608545	0.0003
5.656554155328301	0.0005
5.752427954571154	0.0006
5.848301753814007	0.0013
5.944175553056859	0.0009
6.040049352299713	0.0017
