-0.5	0.0202	0.0	0.2356
-0.43	0.1179	5.609986881410344	0.6432
-0.37	0.1603	11.219973762820688	0.045
-0.3	0.1221	16.829960644231033	0.013
-0.23	0.0569	22.439947525641376	0.0059
-0.17	0.0217	28.049934407051722	0.0044
-0.1	0.0051	33.659921288462066	0.0033
-0.03	0.0005	39.26990816987241	0.0027
0.03	0.0007	44.87989505128275	0.0023
0.1	0.0065	50.4898819326931	0.0024
0.17	0.0205	56.099868814103445	0.0018
0.23	0.0599	61.70985569551378	0.0025
0.3	0.1121	67.31984257692413	0.0035
0.37	0.1674	72.92982945833448	0.0039
0.43	0.1112	78.53981633974482	0.0084
0.5	0.017	84.14980322115515	0.0221
