-0.5	0.0008	0.0	0.1256
-0.43	0.0045	13.089969389957473	0.7865
-0.37	0.0079	26.179938779914945	0.0321
-0.3	0.0239	39.269908169872416	0.009
-0.23	0.1015	52.35987755982989	0.0053
-0.17	0.1871	65.44984694978736	0.0034
-0.1	0.1549	78.53981633974483	0.0024
-0.03	0.0256	91.6297857297023	0.0011
0.03	0.0278	104.71975511965978	0.0021
0.1	0.1417	117.80972450961724	0.0021
0.17	0.1897	130.89969389957471	0.0013
0.23	0.1001	143.9896632895322	0.0026
0.3	0.0234	157.07963267948966	0.0023
0.37	0.0066	170.16960206944714	0.0036
0.43	0.0039	183.2595714594046	0.006
0.5	0.0006	196.34954084936206	0.0146
