-0.5	0.0009	0.0	0.0053
-0.48	0.0059	4.908738521234052	0.0238
-0.47	0.0065	9.817477042468104	0.0548
-0.45	0.0178	14.726215563702155	0.2159
-0.44	0.0164	19.634954084936208	0.0347
-0.42	0.0162	24.543692606170257	0.321
-0.4	0.0232	29.45243112740431	0.1552
-0.39	0.0299	34.36116964863836	0.0595
-0.37	0.0379	39.269908169872416	0.0991
-0.36	0.0223	44.178646691106465	0.0053
-0.34	0.0263	49.087385212340514	0.0037
-0.33	0.0277	53.996123733574564	0.0021
-0.31	0.0358	58.90486225480862	0.0015
-0.29	0.0251	63.813600776042676	0.001
-0.28	0.0231	68.72233929727672	0.0009
-0.26	0.0171	73.63107781851078	0.0004
-0.25	0.017	78.53981633974483	0.0002
-0.23	0.0127	83.44855486097889	0.0002
-0.21	0.0103	88.35729338221293	0.0002
-0.2	0.0134	93.26603190344697	0.0004
-0.18	0.0223	98.17477042468103	0.0004
-0.17	0.0172	103.08350894591509	0.0003
-0.15	0.014	107.99224746714913	0.0005
-0.13	0.0091	112.90098598838318	0.0005
-0.12	0.0082	117.80972450961724	0.0003
-0.1	0.0086	122.7184630308513	0.0
-0.09	0.0103	127.62720155208535	0.0002
-0.07	0.015	132.53594007331938	0.0
-0.06	0.011	137.44467859455344	0.0002
-0.04	0.0012	142.3534171157875	0.0002
-0.02	0.0012	147.26215563702155	0.0002
-0.01	0.0003	152.1708941582556	0.0
0.01	0.0004	157.07963267948966	0.0002
0.02	0.001	161.98837120072372	0.0
0.04	0.0011	166.89710972195778	0.0003
0.06	0.0099	171.8058482431918	0.0
0.07	0.0146	176.71458676442586	0.0
0.09	0.011	181.62332528565992	0.0
0.1	0.009	186.53206380689394	0.0001
0.12	0.008	191.440802328128	0.0
0.13	0.011	196.34954084936206	0.0002
0.15	0.0122	201.2582793705961	0.0006
0.17	0.0167	206.16701789183017	0.0003
0.18	0.0209	211.07575641306423	0.0
0.2	0.0149	215.98449493429825	0.0003
0.21	0.0098	220.89323345553234	0.0002
0.23	0.0152	225.80197197676637	0.0001
0.25	0.0161	230.71071049800045	0.0004
0.26	0.0174	235.61944901923448	0.0001
0.28	0.0234	240.5281875404685	0.0001
0.29	0.0224	245.4369260617026	0.0005
0.31	0.0383	250.34566458293662	0.0003
0.33	0.0294	255.2544031041707	0.0004
0.34	0.025	260.16314162540476	0.0004
0.36	0.0233	265.07188014663876	0.0001
0.37	0.0384	269.9806186678729	0.0002
0.39	0.0279	274.8893571891069	0.0005
0.4	0.0181	279.79809571034093	0.0003
0.42	0.0152	284.706834231575	0.0003
0.44	0.0171	289.61557275280904	0.0009
0.45	0.0189	294.5243112740431	0.0011
0.47	0.0038	299.43304979527716	0.0007
0.48	0.0048	304.3417883165112	0.0013
0.5	0.0009	309.25052683774527	0.0021
