-0.5	0.0008	0.0	0.0066
-0.48	0.0063	6.544984694978736	0.0276
-0.47	0.0051	13.089969389957473	0.0627
-0.45	0.0149	19.634954084936208	0.2264
-0.44	0.0158	26.179938779914945	0.0358
-0.42	0.0181	32.72492347489368	0.2994
-0.4	0.0285	39.269908169872416	0.1448
-0.39	0.0337	45.81489286485115	0.0646
-0.37	0.0455	52.35987755982989	0.1029
-0.36	0.0329	58.90486225480862	0.0055
-0.34	0.0347	65.44984694978736	0.0022
-0.33	0.0324	71.9948316447661	0.0023
-0.31	0.0438	78.53981633974483	0.0018
-0.29	0.0358	85.08480103472357	0.0014
-0.28	0.0432	91.6297857297023	0.0008
-0.26	0.0268	98.17477042468103	0.0004
-0.25	0.0267	104.71975511965978	0.0001
-0.23	0.018	111.26473981463852	0.0003
-0.21	0.0132	117.80972450961724	0.0004
-0.2	0.0097	124.35470920459598	0.0003
-0.18	0.0078	130.89969389957471	0.0003
-0.17	0.0025	137.44467859455347	0.0002
-0.15	0.0013	143.9896632895322	0.0001
-0.13	0.0001	150.5346479845109	0.0004
-0.12	0.0015	157.07963267948966	0.0003
-0.1	0.0008	163.62461737446841	0.0
-0.09	0.0006	170.16960206944714	0.0001
-0.07	0.0003	176.71458676442586	0.0003
-0.06	0.0027	183.2595714594046	0.0002
-0.04	0.0018	189.80455615438333	0.0002
-0.02	0.0039	196.34954084936206	0.0
-0.01	0.0007	202.8945255443408	0.0002
0.01	0.0011	209.43951023931956	0.0002
0.02	0.0026	215.98449493429828	0.0002
0.04	0.0017	222.52947962927703	0.0001
0.06	0.0026	229.07446432425576	0.0001
0.07	0.0004	235.61944901923448	0.0001
0.09	0.0008	242.16443371421323	0.0001
0.1	0.0005	248.70941840919195	0.0
0.12	0.0008	255.2544031041707	0.0002
0.13	0.0002	261.79938779914943	0.0
0.15	0.0015	268.34437249412815	0.0
0.17	0.0029	274.88935718910693	0.0
0.18	0.0062	281.43434188408565	0.0001
0.2	0.008	287.9793265790644	0.0002
0.21	0.0126	294.5243112740431	0.0
0.23	0.0199	301.0692959690218	0.0002
0.25	0.0252	307.6142806640006	0.0
0.26	0.0245	314.1592653589793	0.0002
0.28	0.0437	320.70425005395805	0.0001
0.29	0.0315	327.24923474893683	0.0003
0.31	0.0415	333.79421944391555	0.0
0.33	0.0305	340.3392041388943	0.0
0.34	0.0361	346.884188833873	0.0001
0.36	0.0335	353.4291735288517	0.0002
0.37	0.0395	359.9741582238305	0.0002
0.39	0.0337	366.5191429188092	0.0008
0.4	0.0255	373.06412761378795	0.0003
0.42	0.0205	379.60911230876667	0.0003
0.44	0.0162	386.1540970037454	0.0008
0.45	0.0144	392.6990816987241	0.001
0.47	0.0056	399.2440663937029	0.0011
0.48	0.0056	405.7890510886816	0.0017
0.5	0.0008	412.3340357836604	0.0028
