-0.5	0.005	0.0	0.0089
-0.48	0.0163	2.454369260617026	0.0268
-0.47	0.0125	4.908738521234052	0.0716
-0.45	0.0078	7.3631077818510775	0.189
-0.44	0.0026	9.817477042468104	0.0375
-0.42	0.0087	12.271846303085129	0.3316
-0.4	0.0218	14.726215563702155	0.1278
-0.39	0.0419	17.18058482431918	0.0593
-0.37	0.0507	19.634954084936208	0.1156
-0.36	0.0278	22.089323345553233	0.0044
-0.34	0.014	24.543692606170257	0.0048
-0.33	0.0104	26.998061866787282	0.002
-0.31	0.0268	29.45243112740431	0.0018
-0.29	0.0355	31.906800388021338	0.0013
-0.28	0.0353	34.36116964863836	0.001
-0.26	0.0201	36.81553890925539	0.0004
-0.25	0.0231	39.269908169872416	0.0003
-0.23	0.0212	41.724277430489444	0.0007
-0.21	0.0092	44.178646691106465	0.0003
-0.2	0.0046	46.633015951723486	0.0005
-0.18	0.0111	49.087385212340514	0.0001
-0.17	0.019	51.54175447295754	0.0001
-0.15	0.0135	53.996123733574564	0.0005
-0.13	0.006	56.45049299419159	0.0002
-0.12	0.0071	58.90486225480862	0.0004
-0.1	0.0079	61.35923151542565	0.0001
-0.09	0.0088	63.813600776042676	0.0
-0.07	0.0024	66.26797003665969	0.0002
-0.06	0.0011	68.72233929727672	0.0
-0.04	0.0031	71.17670855789375	0.0002
-0.02	0.0102	73.63107781851078	0.0002
-0.01	0.0035	76.0854470791278	0.0
0.01	0.0034	78.53981633974483	0.0002
0.02	0.0114	80.99418560036186	0.0003
0.04	0.0022	83.44855486097889	0.0001
0.06	0.0014	85.9029241215959	0.0002
0.07	0.002	88.35729338221293	0.0003
0.09	0.0108	90.81166264282996	0.0001
0.1	0.0071	93.26603190344697	0.0002
0.12	0.0066	95.720401164064	0.0003
0.13	0.0097	98.17477042468103	0.0001
0.15	0.0131	100.62913968529806	0.0
0.17	0.0221	103.08350894591509	0.0001
0.18	0.0133	105.53787820653211	0.0003
0.2	0.0053	107.99224746714913	0.0002
0.21	0.009	110.44661672776617	0.0001
0.23	0.0241	112.90098598838318	0.0001
0.25	0.0234	115.35535524900023	0.0001
0.26	0.0192	117.80972450961724	0.0001
0.28	0.0368	120.26409377023425	0.0002
0.29	0.0328	122.7184630308513	0.0001
0.31	0.0306	125.17283229146831	0.0
0.33	0.0105	127.62720155208535	0.0004
0.34	0.0125	130.08157081270238	0.0003
0.36	0.0277	132.53594007331938	0.0001
0.37	0.0555	134.99030933393644	0.0001
0.39	0.047	137.44467859455344	0.0002
0.4	0.0233	139.89904785517047	0.0002
0.42	0.0066	142.3534171157875	0.0005
0.44	0.0028	144.80778637640452	0.001
0.45	0.0072	147.26215563702155	0.001
0.47	0.011	149.71652489763858	0.0009
0.48	0.0179	152.1708941582556	0.0016
0.5	0.0047	154.62526341887263	0.003
