-0.5	0.0038	0.0	0.0275
-0.47	0.0098	3.9269908169872414	0.2197
-0.44	0.012	7.853981633974483	0.4432
-0.4	0.0262	11.780972450961723	0.2215
-0.37	0.0503	15.707963267948966	0.0289
-0.34	0.063	19.634954084936204	0.0097
-0.31	0.0433	23.561944901923447	0.0041
-0.27	0.035	27.48893571891069	0.0042
-0.24	0.0454	31.41592653589793	0.0024
-0.21	0.0395	35.34291735288517	0.0018
-0.18	0.0389	39.26990816987241	0.0013
-0.15	0.0523	43.19689898685965	0.0012
-0.11	0.0371	47.12388980384689	0.0008
-0.08	0.0257	51.05088062083414	0.0003
-0.05	0.0163	54.97787143782138	0.0009
-0.02	0.0021	58.90486225480861	0.0013
0.02	0.0032	62.83185307179586	0.0009
0.05	0.0161	66.7588438887831	0.0011
0.08	0.0266	70.68583470577035	0.0007
0.11	0.0418	74.61282552275757	0.0008
0.15	0.0469	78.53981633974482	0.0003
0.18	0.0331	82.46680715673207	0.001
0.21	0.0386	86.3937979737193	0.0002
0.24	0.044	90.32078879070654	0.0013
0.27	0.0386	94.24777960769379	0.0009
0.31	0.0421	98.17477042468103	0.0007
0.34	0.0604	102.10176124166829	0.0014
0.37	0.0536	106.02875205865551	0.0016
0.4	0.0253	109.95574287564276	0.0026
0.44	0.0142	113.88273369263	0.0023
0.47	0.0113	117.80972450961723	0.0047
0.5	0.0035	121.73671532660447	0.0107
