0.0	0.0264
0.19174759848570513	0.2115
0.38349519697141027	0.4556
0.5752427954571154	0.2136
0.7669903939428205	0.0277
0.9587379924285258	0.0104
1.1504855909142309	0.005
1.342233189399936	0.0043
1.533980787885641	0.0021
1.7257283863713462	0.0022
1.9174759848570515	0.0024
2.1092235833427564	0.0009
2.3009711818284617	0.0014
2.492718780314167	0.0008
2.684466378799872	0.0006
2.876213977285577	0.0004
3.067961575771282	0.0008
3.2597091742569875	0.0003
3.4514567727426924	0.0011
3.6432043712283977	0.0007
3.834951969714103	0.0012
4.026699568199808	0.001
4.218447166685513	0.0007
4.410194765171218	0.0016
4.601942363656923	0.0014
4.793689962142629	0.0008
4.985437560628334	0.0017
5.177185159114039	0.0015
5.368932757599744	0.0026
5.56068035608545	0.0032
5.752427954571154	0.0048
5.944175553056859	0.0113
