-0.5	0.0	0.0	0.028
-0.47	0.0016	39.269908169872416	0.208
-0.44	0.0113	78.53981633974483	0.4632
-0.4	0.0173	117.80972450961724	0.2108
-0.37	0.0176	157.07963267948966	0.025
-0.34	0.0256	196.34954084936206	0.0088
-0.31	0.0395	235.61944901923448	0.0065
-0.27	0.0493	274.8893571891069	0.0035
-0.24	0.0669	314.1592653589793	0.0028
-0.21	0.0709	353.4291735288517	0.0024
-0.18	0.0598	392.6990816987241	0.0009
-0.15	0.0466	431.9689898685965	0.001
-0.11	0.0476	471.23889803846896	0.0015
-0.08	0.0307	510.5088062083414	0.0006
-0.05	0.0087	549.7787143782137	0.0008
-0.02	0.0006	589.0486225480862	0.0011
0.02	0.0004	628.3185307179587	0.0006
0.05	0.0074	667.5884388878311	0.0006
0.08	0.029	706.8583470577034	0.0009
0.11	0.0449	746.1282552275758	0.0009
0.15	0.0538	785.3981633974482	0.0008
0.18	0.0671	824.6680715673207	0.0011
0.21	0.0686	863.937979737193	0.0006
0.24	0.0655	903.2078879070655	0.0008
0.27	0.051	942.4777960769379	0.0013
0.31	0.0432	981.7477042468104	0.0015
0.34	0.0253	1021.0176124166828	0.0015
0.37	0.0208	1060.287520586555	0.0022
0.4	0.0165	1099.5574287564275	0.002
0.44	0.0103	1138.8273369263	0.0033
0.47	0.0021	1178.0972450961724	0.0061
0.5	0.0001	1217.3671532660449	0.0109
