-0.5	0.0085	0.0	0.1755
-0.43	0.0538	7.853981633974483	0.7203
-0.37	0.0902	15.707963267948966	0.036
-0.3	0.0837	23.561944901923447	0.0104
-0.23	0.0704	31.41592653589793	0.0057
-0.17	0.0949	39.26990816987241	0.0032
-0.1	0.0852	47.12388980384689	0.0032
-0.03	0.0152	54.97787143782138	0.0019
0.03	0.0162	62.83185307179586	0.0012
0.1	0.0792	70.68583470577035	0.0024
0.17	0.0946	78.53981633974482	0.0022
0.23	0.076	86.3937979737193	0.0036
0.3	0.0717	94.24777960769379	0.0027
0.37	0.0961	102.10176124166829	0.0051
0.43	0.0565	109.95574287564276	0.0064
0.5	0.0078	117.80972450961723	0.0202
