-0.5	0.0011	0.0	0.0275
-0.47	0.0063	5.609986881410344	0.2121
-0.44	0.007	11.219973762820688	0.4539
-0.4	0.013	16.829960644231033	0.214
-0.37	0.0317	22.439947525641376	0.0257
-0.34	0.0404	28.049934407051722	0.011
-0.31	0.0393	33.659921288462066	0.0055
-0.27	0.041	39.26990816987241	0.0031
-0.24	0.0593	44.87989505128275	0.0024
-0.21	0.0552	50.4898819326931	0.0018
-0.18	0.0571	56.099868814103445	0.0017
-0.15	0.0539	61.70985569551378	0.002
-0.11	0.0406	67.31984257692413	0.0012
-0.08	0.0261	72.92982945833448	0.001
-0.05	0.016	78.53981633974482	0.0009
-0.02	0.002	84.14980322115515	0.0005
0.02	0.0027	89.7597901025655	0.001
0.05	0.0158	95.36977698397585	0.0011
0.08	0.029	100.9797638653862	0.0004
0.11	0.0475	106.58975074679654	0.001
0.15	0.051	112.19973762820689	0.0012
0.18	0.0552	117.80972450961724	0.0011
0.21	0.0579	123.41971139102756	0.0006
0.24	0.0639	129.0296982724379	0.0011
0.27	0.0437	134.63968515384826	0.0011
0.31	0.0407	140.2496720352586	0.0014
0.34	0.0432	145.85965891666896	0.001
0.37	0.0315	151.46964579807928	0.0019
0.4	0.0129	157.07963267948963	0.0026
0.44	0.0078	162.68961956089998	0.0047
0.47	0.0065	168.2996064423103	0.0053
0.5	0.0007	173.90959332372066	0.0102
