-0.5	0.0132	0.0	0.2
-0.43	0.0876	19.634954084936208	0.6926
-0.37	0.1139	39.269908169872416	0.042
-0.3	0.0845	58.90486225480862	0.0118
-0.23	0.0684	78.53981633974483	0.0055
-0.17	0.0748	98.17477042468103	0.0031
-0.1	0.0575	117.80972450961724	0.0023
-0.03	0.0113	137.44467859455344	0.0017
0.03	0.0112	157.07963267948966	0.0023
0.1	0.0567	176.71458676442586	0.0018
0.17	0.0746	196.34954084936206	0.0015
0.23	0.0665	215.98449493429825	0.0023
0.3	0.0793	235.61944901923448	0.0026
0.37	0.1081	255.2544031041707	0.0042
0.43	0.0805	274.8893571891069	0.0076
0.5	0.0119	294.5243112740431	0.0187
