-0.5	0.0608	0.0	0.2382
-0.43	0.0622	15.707963267948966	0.6214
-0.37	0.0538	31.41592653589793	0.0705
-0.3	0.0489	47.12388980384689	0.0138
-0.23	0.0558	62.83185307179586	0.0053
-0.17	0.0645	78.53981633974482	0.0038
-0.1	0.0789	94.24777960769379	0.0026
-0.03	0.083	109.95574287564276	0.0029
0.03	0.0826	125.66370614359172	0.0017
0.1	0.076	141.3716694115407	0.0026
0.17	0.0615	157.07963267948963	0.0024
0.23	0.0517	172.7875959474386	0.0025
0.3	0.0492	188.49555921538757	0.0034
0.37	0.0504	204.20352248333657	0.0046
0.43	0.0574	219.9114857512855	0.007
0.5	0.0633	235.61944901923445	0.0173
