-0.5	0.0033	0.0	0.0287
-0.47	0.0028	39.269908169872416	0.2082
-0.44	0.0029	78.53981633974483	0.4601
-0.4	0.0037	117.80972450961724	0.2141
-0.37	0.0046	157.07963267948966	0.0274
-0.34	0.0091	196.34954084936206	0.0092
-0.31	0.0154	235.61944901923448	0.0058
-0.27	0.0206	274.8893571891069	0.0036
-0.24	0.0252	314.1592653589793	0.003
-0.21	0.0369	353.4291735288517	0.0025
-0.18	0.044	392.6990816987241	0.0018
-0.15	0.053	431.9689898685965	0.001
-0.11	0.0678	471.23889803846896	0.0012
-0.08	0.0683	510.5088062083414	0.0012
-0.05	0.074	549.7787143782137	0.0011
-0.02	0.0735	589.0486225480862	0.0006
0.02	0.0661	628.3185307179587	0.0009
0.05	0.0705	667.5884388878311	0.0007
0.08	0.0727	706.8583470577034	0.0009
0.11	0.0628	746.1282552275758	0.0009
0.15	0.0547	785.3981633974482	0.001
0.18	0.0435	824.6680715673207	0.0006
0.21	0.034	863.937979737193	0.0011
0.24	0.0262	903.2078879070655	0.0008
0.27	0.0187	942.4777960769379	0.0012
0.31	0.0133	981.7477042468104	0.0012
0.34	0.0107	1021.0176124166828	0.0009
0.37	0.0064	1060.287520586555	0.0012
0.4	0.0043	1099.5574287564275	0.0022
0.44	0.0043	1138.8273369263	0.0039
0.47	0.0037	1178.0972450961724	0.0042
0.5	0.003	1217.3671532660449	0.0088
