-0.5	0.0136	0.0	0.0181
-0.48	0.0172	98.17477042468103	0.0254
-0.47	0.0123	196.34954084936206	0.0639
-0.45	0.0155	294.5243112740431	0.2071
-0.44	0.0139	392.6990816987241	0.0354
-0.42	0.0129	490.8738521234052	0.298
-0.4	0.0128	589.0486225480862	0.1411
-0.39	0.0119	687.2233929727672	0.0661
-0.37	0.0111	785.3981633974482	0.1013
-0.36	0.0122	883.5729338221292	0.0091
-0.34	0.0126	981.7477042468104	0.0131
-0.33	0.0109	1079.9224746714913	0.0028
-0.31	0.0107	1178.0972450961724	0.0012
-0.29	0.0116	1276.2720155208535	0.0011
-0.28	0.0114	1374.4467859455344	0.0009
-0.26	0.0096	1472.6215563702153	0.0007
-0.25	0.013	1570.7963267948965	0.0006
-0.23	0.014	1668.9710972195776	0.0005
-0.21	0.0128	1767.1458676442585	0.0002
-0.2	0.015	1865.3206380689396	0.0004
-0.18	0.0131	1963.4954084936207	0.0007
-0.17	0.0173	2061.6701789183016	0.0003
-0.15	0.0196	2159.8449493429825	0.0002
-0.13	0.0206	2258.0197197676634	0.0002
-0.12	0.02	2356.194490192345	0.0
-0.1	0.0209	2454.369260617026	0.0001
-0.09	0.0215	2552.544031041707	0.0
-0.07	0.0227	2650.718801466388	0.0001
-0.06	0.0214	2748.893571891069	0.0001
-0.04	0.0224	2847.06834231575	0.0001
-0.02	0.0229	2945.2431127404307	0.0002
-0.01	0.0227	3043.417883165112	0.0002
0.01	0.0226	3141.592653589793	0.0
0.02	0.0214	3239.7674240144743	0.0001
0.04	0.0194	3337.942194439155	0.0001
0.06	0.0191	3436.116964863836	0.0001
0.07	0.0239	3534.291735288517	0.0002
0.09	0.0233	3632.4665057131983	0.0001
0.1	0.0246	3730.6412761378792	0.0
0.12	0.0203	3828.81604656256	0.0002
0.13	0.0201	3926.9908169872415	0.0002
0.15	0.0196	4025.165587411922	0.0003
0.17	0.0183	4123.340357836603	0.0001
0.18	0.0163	4221.515128261284	0.0001
0.2	0.0164	4319.689898685965	0.0
0.21	0.0141	4417.864669110647	0.0002
0.23	0.0129	4516.039439535327	0.0001
0.25	0.0136	4614.214209960009	0.0
0.26	0.0111	4712.38898038469	0.0001
0.28	0.0109	4810.5637508093705	0.0
0.29	0.0098	4908.738521234052	0.0003
0.31	0.0102	5006.913291658732	0.0001
0.33	0.0118	5105.088062083414	0.0002
0.34	0.0104	5203.262832508095	0.0
0.36	0.0121	5301.437602932776	0.0005
0.37	0.0106	5399.612373357457	0.0001
0.39	0.0123	5497.787143782138	0.0004
0.4	0.0098	5595.961914206819	0.0005
0.42	0.0109	5694.1366846315	0.0005
0.44	0.0164	5792.31145505618	0.0005
0.45	0.0128	5890.486225480861	0.0005
0.47	0.0157	5988.660995905543	0.0013
0.48	0.0152	6086.835766330224	0.0019
0.5	0.014	6185.010536754906	0.0021
