-0.5	0.071	0.0	0.0972
-0.47	0.07	3.9269908169872414	0.2475
-0.44	0.0639	7.853981633974483	0.2568
-0.4	0.0579	11.780972450961723	0.256
-0.37	0.0495	15.707963267948966	0.0953
-0.34	0.0496	19.634954084936204	0.007
-0.31	0.0388	23.561944901923447	0.0051
-0.27	0.0283	27.48893571891069	0.0022
-0.24	0.0243	31.41592653589793	0.0024
-0.21	0.0163	35.34291735288517	0.0014
-0.18	0.0111	39.26990816987241	0.0004
-0.15	0.0072	43.19689898685965	0.0008
-0.11	0.005	47.12388980384689	0.0006
-0.08	0.0033	51.05088062083414	0.0006
-0.05	0.0021	54.97787143782138	0.0005
-0.02	0.0024	58.90486225480861	0.0004
0.02	0.0026	62.83185307179586	0.0005
0.05	0.0021	66.7588438887831	0.0002
0.08	0.0014	70.68583470577035	0.0006
0.11	0.0052	74.61282552275757	0.0006
0.15	0.0079	78.53981633974482	0.0007
0.18	0.0092	82.46680715673207	0.0007
0.21	0.0171	86.3937979737193	0.0003
0.24	0.0234	90.32078879070654	0.0006
0.27	0.0305	94.24777960769379	0.0004
0.31	0.0411	98.17477042468103	0.0016
0.34	0.0474	102.10176124166829	0.0019
0.37	0.0491	106.02875205865551	0.0011
0.4	0.0594	109.95574287564276	0.0023
0.44	0.0646	113.88273369263	0.0027
0.47	0.072	117.80972450961723	0.0034
0.5	0.0663	121.73671532660447	0.0082
