-0.5	0.0344	0.0	0.0611
-0.47	0.038	7.853981633974483	0.2343
-0.44	0.0317	15.707963267948966	0.363
-0.4	0.0278	23.561944901923447	0.2283
-0.37	0.0285	31.41592653589793	0.0605
-0.34	0.0254	39.26990816987241	0.0078
-0.31	0.022	47.12388980384689	0.0041
-0.27	0.0251	54.97787143782138	0.003
-0.24	0.0252	62.83185307179586	0.0023
-0.21	0.0252	70.68583470577035	0.0019
-0.18	0.0279	78.53981633974482	0.0011
-0.15	0.0293	86.3937979737193	0.001
-0.11	0.037	94.24777960769379	0.0004
-0.08	0.0422	102.10176124166829	0.0003
-0.05	0.0401	109.95574287564276	0.0007
-0.02	0.0445	117.80972450961723	0.0006
0.02	0.0405	125.66370614359172	0.0003
0.05	0.0403	133.5176877775662	0.0007
0.08	0.0424	141.3716694115407	0.0007
0.11	0.0355	149.22565104551515	0.0008
0.15	0.0314	157.07963267948963	0.0007
0.18	0.0297	164.93361431346415	0.0006
0.21	0.0237	172.7875959474386	0.0002
0.24	0.0211	180.6415775814131	0.0012
0.27	0.0253	188.49555921538757	0.001
0.31	0.0228	196.34954084936206	0.0014
0.34	0.0276	204.20352248333657	0.001
0.37	0.0275	212.05750411731103	0.0016
0.4	0.0305	219.9114857512855	0.0023
0.44	0.032	227.76546738526	0.0032
0.47	0.03	235.61944901923445	0.0051
0.5	0.0354	243.47343065320894	0.0088
