-0.5	0.0656	0.0	0.0889
-0.47	0.0613	196.34954084936206	0.2421
-0.44	0.0559	392.6990816987241	0.2802
-0.4	0.0528	589.0486225480862	0.2482
-0.37	0.0494	785.3981633974482	0.0903
-0.34	0.0404	981.7477042468104	0.0081
-0.31	0.0345	1178.0972450961724	0.0053
-0.27	0.0283	1374.4467859455344	0.0031
-0.24	0.0227	1570.7963267948965	0.0023
-0.21	0.018	1767.1458676442585	0.0012
-0.18	0.0143	1963.4954084936207	0.0007
-0.15	0.0124	2159.8449493429825	0.0009
-0.11	0.0132	2356.194490192345	0.0008
-0.08	0.0109	2552.544031041707	0.0007
-0.05	0.0098	2748.893571891069	0.0006
-0.02	0.0107	2945.2431127404307	0.0007
0.02	0.0084	3141.592653589793	0.0007
0.05	0.011	3337.942194439155	0.0004
0.08	0.0127	3534.291735288517	0.0003
0.11	0.0148	3730.6412761378792	0.0007
0.15	0.0138	3926.9908169872415	0.0006
0.18	0.0124	4123.340357836603	0.0008
0.21	0.0172	4319.689898685965	0.0005
0.24	0.0231	4516.039439535327	0.0009
0.27	0.0293	4712.38898038469	0.0007
0.31	0.0326	4908.738521234052	0.001
0.34	0.0401	5105.088062083414	0.001
0.37	0.0473	5301.437602932776	0.001
0.4	0.0532	5497.787143782138	0.0019
0.44	0.0535	5694.1366846315	0.0033
0.47	0.0613	5890.486225480861	0.0036
0.5	0.0691	6086.835766330224	0.0085
