-0.5	0.1295	0.0	0.302
-0.43	0.1145	7.853981633974483	0.5159
-0.37	0.0881	15.707963267948966	0.1074
-0.3	0.0677	23.561944901923447	0.0147
-0.23	0.0455	31.41592653589793	0.0074
-0.17	0.0219	39.26990816987241	0.0034
-0.1	0.011	47.12388980384689	0.0026
-0.03	0.0071	54.97787143782138	0.0018
0.03	0.0059	62.83185307179586	0.002
0.1	0.0142	70.68583470577035	0.0021
0.17	0.0295	78.53981633974482	0.0022
0.23	0.043	86.3937979737193	0.0034
0.3	0.0684	94.24777960769379	0.0028
0.37	0.1029	102.10176124166829	0.0047
0.43	0.1139	109.95574287564276	0.0082
0.5	0.1369	117.80972450961723	0.0194
