-0.5	0.005	0.0	0.173
-0.43	0.0071	78.53981633974483	0.7243
-0.37	0.0135	157.07963267948966	0.0377
-0.3	0.0253	235.61944901923448	0.007
-0.23	0.0606	314.1592653589793	0.0057
-0.17	0.1035	392.6990816987241	0.0027
-0.1	0.133	471.23889803846896	0.0025
-0.03	0.1484	549.7787143782137	0.002
0.03	0.1491	628.3185307179587	0.003
0.1	0.1399	706.8583470577034	0.0015
0.17	0.0996	785.3981633974482	0.0024
0.23	0.0635	863.937979737193	0.0022
0.3	0.0295	942.4777960769379	0.0027
0.37	0.0114	1021.0176124166828	0.0036
0.43	0.0068	1099.5574287564275	0.0081
0.5	0.0038	1178.0972450961724	0.0216
