-0.5	0.0015	0.0	0.0062
-0.48	0.0016	19.634954084936208	0.0192
-0.47	0.0013	39.269908169872416	0.0398
-0.45	0.001	58.90486225480862	0.22
-0.44	0.0018	78.53981633974483	0.0383
-0.42	0.001	98.17477042468103	0.3627
-0.4	0.0016	117.80972450961724	0.1529
-0.39	0.0018	137.44467859455344	0.0709
-0.37	0.0021	157.07963267948966	0.0578
-0.36	0.0033	176.71458676442586	0.0049
-0.34	0.0041	196.34954084936206	0.0036
-0.33	0.003	215.98449493429825	0.0025
-0.31	0.0079	235.61944901923448	0.0013
-0.29	0.0081	255.2544031041707	0.0012
-0.28	0.0071	274.8893571891069	0.0009
-0.26	0.0109	294.5243112740431	0.0003
-0.25	0.0127	314.1592653589793	0.001
-0.23	0.0145	333.79421944391555	0.0011
-0.21	0.0181	353.4291735288517	0.0009
-0.2	0.0169	373.0641276137879	0.0003
-0.18	0.0186	392.6990816987241	0.0005
-0.17	0.0255	412.33403578366034	0.0006
-0.15	0.024	431.9689898685965	0.0
-0.13	0.0325	451.60394395353273	0.0005
-0.12	0.0339	471.23889803846896	0.0001
-0.1	0.0332	490.8738521234052	0.0
-0.09	0.0387	510.5088062083414	0.0003
-0.07	0.0352	530.1437602932775	0.0
-0.06	0.0347	549.7787143782137	0.0002
-0.04	0.0359	569.41366846315	0.0003
-0.02	0.0332	589.0486225480862	0.0
-0.01	0.0346	608.6835766330224	0.0
0.01	0.0349	628.3185307179587	0.0001
0.02	0.0345	647.9534848028949	0.0002
0.04	0.0345	667.5884388878311	0.0
0.06	0.0352	687.2233929727672	0.0002
0.07	0.0339	706.8583470577034	0.0001
0.09	0.0342	726.4933011426397	0.0001
0.1	0.0342	746.1282552275758	0.0001
0.12	0.0372	765.763209312512	0.0001
0.13	0.0288	785.3981633974482	0.0003
0.15	0.0277	805.0331174823845	0.0
0.17	0.0251	824.6680715673207	0.0001
0.18	0.0225	844.3030256522569	0.0001
0.2	0.0174	863.937979737193	0.0001
0.21	0.0159	883.5729338221294	0.0002
0.23	0.0134	903.2078879070655	0.0001
0.25	0.0156	922.8428419920018	0.0003
0.26	0.0097	942.4777960769379	0.0
0.28	0.0072	962.112750161874	0.0003
0.29	0.0077	981.7477042468104	0.0001
0.31	0.0056	1001.3826583317465	0.0001
0.33	0.0048	1021.0176124166828	0.0002
0.34	0.0045	1040.652566501619	0.0003
0.36	0.0021	1060.287520586555	0.0005
0.37	0.0021	1079.9224746714915	0.0005
0.39	0.0011	1099.5574287564275	0.0004
0.4	0.0015	1119.1923828413637	0.0006
0.42	0.0007	1138.8273369263	0.0003
0.44	0.0011	1158.4622910112362	0.0006
0.45	0.002	1178.0972450961724	0.0009
0.47	0.0019	1197.7321991811086	0.0017
0.48	0.0015	1217.3671532660449	0.0012
0.5	0.0012	1237.002107350981	0.0019
