-0.5	0.0435	0.0	0.2099
-0.43	0.0381	392.6990816987241	0.6713
-0.37	0.0379	785.3981633974482	0.0507
-0.3	0.0404	1178.0972450961724	0.0134
-0.23	0.0539	1570.7963267948965	0.005
-0.17	0.0853	1963.4954084936207	0.0039
-0.1	0.0995	2356.194490192345	0.0024
-0.03	0.1088	2748.893571891069	0.0025
0.03	0.107	3141.592653589793	0.0026
0.1	0.0973	3534.291735288517	0.0018
0.17	0.0807	3926.9908169872415	0.0015
0.23	0.0581	4319.689898685965	0.0017
0.3	0.0408	4712.38898038469	0.0028
0.37	0.034	5105.088062083414	0.0048
0.43	0.0356	5497.787143782138	0.0085
0.5	0.0391	5890.486225480861	0.0172
