-0.5	0.036	0.0	0.0413
-0.48	0.0359	1.9634954084936207	0.0395
-0.47	0.0313	3.9269908169872414	0.0919
-0.45	0.0342	5.890486225480862	0.198
-0.44	0.0311	7.853981633974483	0.028
-0.42	0.0295	9.817477042468102	0.2008
-0.4	0.0308	11.780972450961723	0.1336
-0.39	0.0312	13.744467859455344	0.0565
-0.37	0.0255	15.707963267948966	0.1497
-0.36	0.0237	17.671458676442587	0.015
-0.34	0.0209	19.634954084936204	0.0226
-0.33	0.0195	21.598449493429825	0.0026
-0.31	0.0198	23.561944901923447	0.0021
-0.29	0.0154	25.52544031041707	0.0007
-0.28	0.014	27.48893571891069	0.001
-0.26	0.0133	29.452431127404306	0.0008
-0.25	0.011	31.41592653589793	0.0006
-0.23	0.0108	33.37942194439155	0.0008
-0.21	0.007	35.34291735288517	0.0003
-0.2	0.0067	37.30641276137879	0.0006
-0.18	0.0073	39.26990816987241	0.0002
-0.17	0.0045	41.23340357836604	0.0005
-0.15	0.0042	43.19689898685965	0.0006
-0.13	0.0056	45.16039439535327	0.0001
-0.12	0.0051	47.12388980384689	0.0004
-0.1	0.004	49.087385212340514	0.0003
-0.09	0.0038	51.05088062083414	0.0001
-0.07	0.0033	53.01437602932776	0.0001
-0.06	0.005	54.97787143782138	0.0003
-0.04	0.0041	56.941366846315	0.0003
-0.02	0.0028	58.90486225480861	0.0001
-0.01	0.0031	60.868357663302234	0.0002
0.01	0.0032	62.83185307179586	0.0
0.02	0.0028	64.79534848028948	0.0
0.04	0.0044	66.7588438887831	0.0001
0.06	0.0046	68.72233929727672	0.0002
0.07	0.0039	70.68583470577035	0.0
0.09	0.0041	72.64933011426396	0.0
0.1	0.0044	74.61282552275757	0.0001
0.12	0.0036	76.5763209312512	0.0001
0.13	0.0035	78.53981633974482	0.0002
0.15	0.004	80.50331174823843	0.0
0.17	0.0057	82.46680715673207	0.0002
0.18	0.0067	84.43030256522569	0.0001
0.2	0.006	86.3937979737193	0.0002
0.21	0.0073	88.35729338221293	0.0
0.23	0.0101	90.32078879070654	0.0
0.25	0.0112	92.28428419920017	0.0003
0.26	0.012	94.24777960769379	0.0002
0.28	0.015	96.2112750161874	0.0002
0.29	0.0166	98.17477042468103	0.0
0.31	0.0208	100.13826583317464	0.0002
0.33	0.0228	102.10176124166829	0.0001
0.34	0.0202	104.0652566501619	0.0002
0.36	0.0229	106.02875205865551	0.0003
0.37	0.027	107.99224746714914	0.0001
0.39	0.0288	109.95574287564276	0.0002
0.4	0.0306	111.91923828413637	0.0004
0.42	0.0343	113.88273369263	0.0005
0.44	0.0314	115.84622910112361	0.0006
0.45	0.0329	117.80972450961723	0.0008
0.47	0.0311	119.77321991811085	0.0012
0.48	0.0345	121.73671532660447	0.0002
0.5	0.0332	123.70021073509811	0.0037
