-0.5	0.0173	0.0	0.0205
-0.48	0.0161	3.9269908169872414	0.0261
-0.47	0.0147	7.853981633974483	0.0627
-0.45	0.0159	11.780972450961723	0.2203
-0.44	0.0115	15.707963267948966	0.0342
-0.42	0.0117	19.634954084936204	0.2873
-0.4	0.0107	23.561944901923447	0.144
-0.39	0.011	27.48893571891069	0.0627
-0.37	0.0108	31.41592653589793	0.1047
-0.36	0.0107	35.34291735288517	0.007
-0.34	0.0093	39.26990816987241	0.012
-0.33	0.011	43.19689898685965	0.0015
-0.31	0.0091	47.12388980384689	0.001
-0.29	0.0103	51.05088062083414	0.0009
-0.28	0.0099	54.97787143782138	0.0009
-0.26	0.0124	58.90486225480861	0.0008
-0.25	0.0117	62.83185307179586	0.0004
-0.23	0.0106	66.7588438887831	0.0003
-0.21	0.0138	70.68583470577035	0.0006
-0.2	0.0131	74.61282552275757	0.0002
-0.18	0.0159	78.53981633974482	0.0005
-0.17	0.0167	82.46680715673207	0.0003
-0.15	0.0185	86.3937979737193	0.0004
-0.13	0.0226	90.32078879070654	0.0
-0.12	0.0216	94.24777960769379	0.0005
-0.1	0.0224	98.17477042468103	0.0003
-0.09	0.0237	102.10176124166829	0.0003
-0.07	0.0242	106.02875205865551	0.0001
-0.06	0.0238	109.95574287564276	0.0
-0.04	0.0243	113.88273369263	0.0001
-0.02	0.023	117.80972450961723	0.0001
-0.01	0.0233	121.73671532660447	0.0002
0.01	0.025	125.66370614359172	0.0002
0.02	0.0234	129.59069696057895	0.0001
0.04	0.0199	133.5176877775662	0.0001
0.06	0.0235	137.44467859455344	0.0001
0.07	0.0234	141.3716694115407	0.0
0.09	0.0246	145.29866022852792	0.0001
0.1	0.0218	149.22565104551515	0.0
0.12	0.0219	153.1526418625024	0.0001
0.13	0.0214	157.07963267948963	0.0001
0.15	0.0195	161.00662349647686	0.0001
0.17	0.0165	164.93361431346415	0.0
0.18	0.0157	168.86060513045138	0.0
0.2	0.0156	172.7875959474386	0.0002
0.21	0.0146	176.71458676442586	0.0002
0.23	0.0127	180.6415775814131	0.0
0.25	0.0115	184.56856839840034	0.0001
0.26	0.0108	188.49555921538757	0.0
0.28	0.0101	192.4225500323748	0.0003
0.29	0.0088	196.34954084936206	0.0004
0.31	0.0087	200.27653166634929	0.0001
0.33	0.0099	204.20352248333657	0.0002
0.34	0.0124	208.1305133003238	0.0001
0.36	0.0093	212.05750411731103	0.0004
0.37	0.0111	215.98449493429828	0.0
0.39	0.0106	219.9114857512855	0.0003
0.4	0.0097	223.83847656827274	0.0004
0.42	0.0119	227.76546738526	0.0003
0.44	0.0124	231.69245820224722	0.0011
0.45	0.0146	235.61944901923445	0.0006
0.47	0.0153	239.5464398362217	0.0009
0.48	0.0175	243.47343065320894	0.0006
0.5	0.0143	247.40042147019622	0.002
